UF;Municípios;Pop. Total;Homens;Mulheres
RO;Alta Floresta D'Oeste;24392;12656;11736
RO;Alto Alegre dos Parecis;12816;6739;6077
RO;Alto Paraíso;17135;9022;8113
RO;Alvorada D'Oeste;16853;8678;8175
RO;Ariquemes;90353;45543;44810
RO;Buritis;32383;16741;15642
RO;Cabixi;6313;3266;3047
RO;Cacaulândia;5736;2965;2771
RO;Cacoal;78574;39124;39450
RO;Campo Novo de Rondônia;12665;6768;5897
RO;Candeias do Jamari;19779;10320;9459
RO;Castanheiras;3575;1829;1746
RO;Cerejeiras;17029;8551;8478
RO;Chupinguaia;8301;4415;3886
RO;Colorado do Oeste;18591;9330;9261
RO;Corumbiara;8783;4711;4072
RO;Costa Marques;13678;7202;6476
RO;Cujubim;15854;8456;7398
RO;Espigão D'Oeste;28729;14606;14123
RO;Governador Jorge Teixeira;10512;5470;5042
RO;Guajará-Mirim;41656;20947;20709
RO;Itapuã do Oeste;8566;4565;4001
RO;Jaru;52005;26005;26000
RO;Ji-Paraná;116610;57824;58786
RO;Machadinho D'Oeste;31135;16536;14599
RO;Ministro Andreazza;10352;5304;5048
RO;Mirante da Serra;11878;6049;5829
RO;Monte Negro;14091;7408;6683
RO;Nova Brasilândia D'Oeste;19874;10344;9530
RO;Nova Mamoré;22546;11735;10811
RO;Nova União;7493;3999;3494
RO;Novo Horizonte do Oeste;10240;5336;4904
RO;Ouro Preto do Oeste;37928;18698;19230
RO;Parecis;4810;2595;2215
RO;Pimenta Bueno;33822;17041;16781
RO;Pimenteiras do Oeste;2315;1218;1097
RO;Porto Velho;428527;217618;210909
RO;Presidente Médici;22319;11309;11010
RO;Primavera de Rondônia;3524;1856;1668
RO;Rio Crespo;3316;1767;1549
RO;Rolim de Moura;50648;25170;25478
RO;Santa Luzia D'Oeste;8886;4596;4290
RO;São Felipe D'Oeste;6018;3086;2932
RO;São Francisco do Guaporé;16035;8415;7620
RO;São Miguel do Guaporé;21828;11328;10500
RO;Seringueiras;11629;6087;5542
RO;Teixeirópolis;4888;2540;2348
RO;Theobroma;10649;5653;4996
RO;Urupá;12974;6731;6243
RO;Vale do Anari;9384;4979;4405
RO;Vale do Paraíso;8210;4244;3966
RO;Vilhena;76202;37782;38420
AC;Acrelândia;12538;6592;5946
AC;Assis Brasil;6072;3091;2981
AC;Brasiléia;21398;11037;10361
AC;Bujari;8471;4569;3902
AC;Capixaba;8798;4655;4143
AC;Cruzeiro do Sul;78507;39220;39287
AC;Epitaciolândia;15100;7626;7474
AC;Feijó;32412;16716;15696
AC;Jordão;6577;3412;3165
AC;Mâncio Lima;15206;7836;7370
AC;Manoel Urbano;7981;4255;3726
AC;Marechal Thaumaturgo;14227;7463;6764
AC;Plácido de Castro;17209;8999;8210
AC;Porto Acre;14880;7845;7035
AC;Porto Walter;9176;4794;4382
AC;Rio Branco;336038;163592;172446
AC;Rodrigues Alves;14389;7479;6910
AC;Santa Rosa do Purus;4691;2406;2285
AC;Sena Madureira;38029;19739;18290
AC;Senador Guiomard;20179;10328;9851
AC;Tarauacá;35590;18353;17237
AC;Xapuri;16091;8317;7774
AM;Alvarães;14088;7416;6672
AM;Amaturá;9467;4902;4565
AM;Anamã;10214;5446;4768
AM;Anori;16317;8511;7806
AM;Apuí;18007;9551;8456
AM;Atalaia do Norte;15153;7852;7301
AM;Autazes;32135;16989;15146
AM;Barcelos;25718;13816;11902
AM;Barreirinha;27355;14312;13043
AM;Benjamin Constant;33411;17260;16151
AM;Beruri;15486;8146;7340
AM;Boa Vista do Ramos;14979;7945;7034
AM;Boca do Acre;30632;15947;14685
AM;Borba;34961;18237;16724
AM;Caapiranga;10975;5812;5163
AM;Canutama;12738;6872;5866
AM;Carauari;25774;13259;12515
AM;Careiro;32734;16990;15744
AM;Careiro da Várzea;23930;12688;11242
AM;Coari;75965;39476;36489
AM;Codajás;23206;12107;11099
AM;Eirunepé;30665;15779;14886
AM;Envira;16338;8392;7946
AM;Fonte Boa;22817;11824;10993
AM;Guajará;13974;7265;6709
AM;Humaitá;44227;23204;21023
AM;Ipixuna;22254;11355;10899
AM;Iranduba;40781;20996;19785
AM;Itacoatiara;86839;44426;42413
AM;Itamarati;8038;4236;3802
AM;Itapiranga;8211;4299;3912
AM;Japurá;7326;3835;3491
AM;Juruá;10802;5548;5254
AM;Jutaí;17992;9432;8560
AM;Lábrea;37701;19638;18063
AM;Manacapuru;85141;43461;41680
AM;Manaquiri;22801;11744;11057
AM;Manaus;1802014;879742;922272
AM;Manicoré;47017;24684;22333
AM;Maraã;17528;9407;8121
AM;Maués;52236;27283;24953
AM;Nhamundá;18278;9496;8782
AM;Nova Olinda do Norte;30696;15748;14948
AM;Novo Airão;14723;7607;7116
AM;Novo Aripuanã;21451;11429;10022
AM;Parintins;102033;52304;49729
AM;Pauini;18166;9490;8676
AM;Presidente Figueiredo;27175;14350;12825
AM;Rio Preto da Eva;25719;13406;12313
AM;Santa Isabel do Rio Negro;18146;9322;8824
AM;Santo Antônio do Içá;24481;12592;11889
AM;São Gabriel da Cachoeira;37896;19463;18433
AM;São Paulo de Olivença;31422;16266;15156
AM;São Sebastião do Uatumã;10705;5680;5025
AM;Silves;8444;4498;3946
AM;Tabatinga;52272;26359;25913
AM;Tapauá;19077;10075;9002
AM;Tefé;61453;31518;29935
AM;Tonantins;17079;8777;8302
AM;Uarini;11891;6332;5559
AM;Urucará;17094;8854;8240
AM;Urucurituba;17837;9529;8308
RR;Alto Alegre;16448;8676;7772
RR;Amajari;9327;4992;4335
RR;Boa Vista;284313;140801;143512
RR;Bonfim;10943;5879;5064
RR;Cantá;13902;7538;6364
RR;Caracaraí;18398;9732;8666
RR;Caroebe;8114;4309;3805
RR;Iracema;8696;4600;4096
RR;Mucajaí;14792;7865;6927
RR;Normandia;8940;4678;4262
RR;Pacaraima;10433;5408;5025
RR;Rorainópolis;24279;12923;11356
RR;São João da Baliza;6769;3551;3218
RR;São Luiz;6750;3568;3182
RR;Uiramutã;8375;4339;4036
PA;Abaetetuba;141100;71630;69470
PA;Abel Figueiredo;6780;3533;3247
PA;Acará;53569;28115;25454
PA;Afuá;35042;18453;16589
PA;Água Azul do Norte;25057;13618;11439
PA;Alenquer;52626;27030;25596
PA;Almeirim;33614;17468;16146
PA;Altamira;99075;49819;49256
PA;Anajás;24759;12957;11802
PA;Ananindeua;471980;226635;245345
PA;Anapu;20543;10992;9551
PA;Augusto Corrêa;40497;20989;19508
PA;Aurora do Pará;26546;13620;12926
PA;Aveiro;15849;8367;7482
PA;Bagre;23864;12135;11729
PA;Baião;36882;19446;17436
PA;Bannach;3431;1847;1584
PA;Barcarena;99859;50346;49513
PA;Belém;1393399;659008;734391
PA;Belterra;16318;8481;7837
PA;Benevides;51651;25815;25836
PA;Bom Jesus do Tocantins;15298;8051;7247
PA;Bonito;13630;7114;6516
PA;Bragança;113227;57291;55936
PA;Brasil Novo;15690;8314;7376
PA;Brejo Grande do Araguaia;7317;3832;3485
PA;Breu Branco;52493;27085;25408
PA;Breves;92860;47788;45072
PA;Bujaru;25695;13335;12360
PA;Cachoeira do Arari;20443;10545;9898
PA;Cachoeira do Piriá;26484;13720;12764
PA;Cametá;120896;62016;58880
PA;Canaã dos Carajás;26716;13585;13131
PA;Capanema;63639;31494;32145
PA;Capitão Poço;51893;26621;25272
PA;Castanhal;173149;84476;88673
PA;Chaves;21005;11180;9825
PA;Colares;11381;5879;5502
PA;Conceição do Araguaia;45557;23309;22248
PA;Concórdia do Pará;28216;14590;13626
PA;Cumaru do Norte;10466;6081;4385
PA;Curionópolis;18288;9666;8622
PA;Curralinho;28549;15059;13490
PA;Curuá;12254;6456;5798
PA;Curuçá;34294;17568;16726
PA;Dom Eliseu;51319;26624;24695
PA;Eldorado dos Carajás;31786;16814;14972
PA;Faro;8177;4240;3937
PA;Floresta do Araguaia;17768;9551;8217
PA;Garrafão do Norte;25034;13107;11927
PA;Goianésia do Pará;30436;15750;14686
PA;Gurupá;29062;15400;13662
PA;Igarapé-Açu;35887;18117;17770
PA;Igarapé-Miri;58077;29674;28403
PA;Inhangapi;10037;5170;4867
PA;Ipixuna do Pará;51309;26904;24405
PA;Irituia;31364;16261;15103
PA;Itaituba;97493;49681;47812
PA;Itupiranga;51220;27026;24194
PA;Jacareacanga;14103;8037;6066
PA;Jacundá;51360;25769;25591
PA;Juruti;47086;24578;22508
PA;Limoeiro do Ajuru;25021;13115;11906
PA;Mãe do Rio;27904;13740;14164
PA;Magalhães Barata;8115;4258;3857
PA;Marabá;233669;118196;115473
PA;Maracanã;28376;14699;13677
PA;Marapanim;26605;13884;12721
PA;Marituba;108246;53884;54362
PA;Medicilândia;27328;14888;12440
PA;Melgaço;24808;13227;11581
PA;Mocajuba;26731;13747;12984
PA;Moju;70018;36666;33352
PA;Monte Alegre;55462;28508;26954
PA;Muaná;34204;17906;16298
PA;Nova Esperança do Piriá;20158;10643;9515
PA;Nova Ipixuna;14645;7731;6914
PA;Nova Timboteua;13670;7082;6588
PA;Novo Progresso;25124;13435;11689
PA;Novo Repartimento;62050;32748;29302
PA;Óbidos;49333;25563;23770
PA;Oeiras do Pará;28595;15017;13578
PA;Oriximiná;62794;31756;31038
PA;Ourém;16311;8443;7868
PA;Ourilândia do Norte;27359;14270;13089
PA;Pacajá;39979;21599;18380
PA;Palestina do Pará;7475;3879;3596
PA;Paragominas;97819;49267;48552
PA;Parauapebas;153908;77893;76015
PA;Pau D'Arco;6033;3178;2855
PA;Peixe-Boi;7854;4039;3815
PA;Piçarra;12697;6776;5921
PA;Placas;23934;12568;11366
PA;Ponta de Pedras;25999;13379;12620
PA;Portel;52172;26818;25354
PA;Porto de Moz;33956;17612;16344
PA;Prainha;29349;15516;13833
PA;Primavera;10268;5300;4968
PA;Quatipuru;12411;6461;5950
PA;Redenção;75556;38016;37540
PA;Rio Maria;17697;9161;8536
PA;Rondon do Pará;46964;24274;22690
PA;Rurópolis;40087;20875;19212
PA;Salinópolis;37421;19096;18325
PA;Salvaterra;20183;10292;9891
PA;Santa Bárbara do Pará;17141;8755;8386
PA;Santa Cruz do Arari;8155;4142;4013
PA;Santa Isabel do Pará;59466;31156;28310
PA;Santa Luzia do Pará;19424;9884;9540
PA;Santa Maria das Barreiras;17206;9497;7709
PA;Santa Maria do Pará;23026;11492;11534
PA;Santana do Araguaia;56153;29788;26365
PA;Santarém;294580;145533;149047
PA;Santarém Novo;6141;3211;2930
PA;Santo Antônio do Tauá;26674;13433;13241
PA;São Caetano de Odivelas;16891;8806;8085
PA;São Domingos do Araguaia;23130;11901;11229
PA;São Domingos do Capim;29846;15741;14105
PA;São Félix do Xingu;91340;48691;42649
PA;São Francisco do Pará;15060;7775;7285
PA;São Geraldo do Araguaia;25587;13093;12494
PA;São João da Ponta;5265;2738;2527
PA;São João de Pirabas;20647;10760;9887
PA;São João do Araguaia;13155;7149;6006
PA;São Miguel do Guamá;51567;26028;25539
PA;São Sebastião da Boa Vista;22904;11833;11071
PA;Sapucaia;5047;2710;2337
PA;Senador José Porfírio;13045;6995;6050
PA;Soure;23001;11472;11529
PA;Tailândia;79297;40991;38306
PA;Terra Alta;10262;5272;4990
PA;Terra Santa;16949;8776;8173
PA;Tomé-Açu;56518;29323;27195
PA;Tracuateua;27455;14328;13127
PA;Trairão;16875;9146;7729
PA;Tucumã;33690;17489;16201
PA;Tucuruí;97128;48402;48726
PA;Ulianópolis;43341;22209;21132
PA;Uruará;44789;23633;21156
PA;Vigia;47889;24548;23341
PA;Viseu;56716;29817;26899
PA;Vitória do Xingu;13431;7281;6150
PA;Xinguara;40573;20572;20001
AP;Amapá;8069;4211;3858
AP;Calçoene;9000;4821;4179
AP;Cutias;4696;2424;2272
AP;Ferreira Gomes;5802;3046;2756
AP;Itaubal;4265;2320;1945
AP;Laranjal do Jari;39942;20434;19508
AP;Macapá;398204;195613;202591
AP;Mazagão;17032;8974;8058
AP;Oiapoque;20509;10704;9805
AP;Pedra Branca do Amapari;10772;5866;4906
AP;Porto Grande;16809;8872;7937
AP;Pracuúba;3793;1997;1796
AP;Santana;101262;50414;50848
AP;Serra do Navio;4380;2333;2047
AP;Tartarugalzinho;12563;6679;5884
AP;Vitória do Jari;12428;6427;6001
TO;Abreulândia;2391;1261;1130
TO;Aguiarnópolis;5162;2618;2544
TO;Aliança do Tocantins;5671;2907;2764
TO;Almas;7586;3965;3621
TO;Alvorada;8374;4252;4122
TO;Ananás;9865;4981;4884
TO;Angico;3175;1673;1502
TO;Aparecida do Rio Negro;4213;2170;2043
TO;Aragominas;5882;3138;2744
TO;Araguacema;6317;3331;2986
TO;Araguaçu;8786;4511;4275
TO;Araguaína;150484;73587;76897
TO;Araguanã;5030;2584;2446
TO;Araguatins;31329;15968;15361
TO;Arapoema;6742;3447;3295
TO;Arraias;10645;5393;5252
TO;Augustinópolis;15950;8005;7945
TO;Aurora do Tocantins;3446;1774;1672
TO;Axixá do Tocantins;9275;4600;4675
TO;Babaçulândia;10424;5540;4884
TO;Bandeirantes do Tocantins;3122;1692;1430
TO;Barra do Ouro;4123;2195;1928
TO;Barrolândia;5349;2758;2591
TO;Bernardo Sayão;4456;2325;2131
TO;Bom Jesus do Tocantins;3768;1989;1779
TO;Brasilândia do Tocantins;2064;1057;1007
TO;Brejinho de Nazaré;5185;2599;2586
TO;Buriti do Tocantins;9768;4939;4829
TO;Cachoeirinha;2148;1137;1011
TO;Campos Lindos;8139;4264;3875
TO;Cariri do Tocantins;3756;2106;1650
TO;Carmolândia;2316;1206;1110
TO;Carrasco Bonito;3688;1919;1769
TO;Caseara;4601;2384;2217
TO;Centenário;2566;1375;1191
TO;Chapada da Natividade;3277;1792;1485
TO;Chapada de Areia;1335;716;619
TO;Colinas do Tocantins;30838;15288;15550
TO;Colméia;8611;4368;4243
TO;Combinado;4669;2374;2295
TO;Conceição do Tocantins;4182;2132;2050
TO;Couto Magalhães;5009;2638;2371
TO;Cristalândia;7234;3699;3535
TO;Crixás do Tocantins;1564;821;743
TO;Darcinópolis;5273;2775;2498
TO;Dianópolis;19112;9679;9433
TO;Divinópolis do Tocantins;6363;3280;3083
TO;Dois Irmãos do Tocantins;7161;3958;3203
TO;Dueré;4592;2440;2152
TO;Esperantina;9476;4910;4566
TO;Fátima;3805;1909;1896
TO;Figueirópolis;5340;2705;2635
TO;Filadélfia;8505;4470;4035
TO;Formoso do Araguaia;18427;9607;8820
TO;Fortaleza do Tabocão;2419;1234;1185
TO;Goianorte;4956;2649;2307
TO;Goiatins;12064;6287;5777
TO;Guaraí;23200;11687;11513
TO;Gurupi;76755;38107;38648
TO;Ipueiras;1639;864;775
TO;Itacajá;7104;3731;3373
TO;Itaguatins;6029;3104;2925
TO;Itapiratins;3532;1913;1619
TO;Itaporã do Tocantins;2445;1285;1160
TO;Jaú do Tocantins;3507;1815;1692
TO;Juarina;2231;1176;1055
TO;Lagoa da Confusão;10210;5525;4685
TO;Lagoa do Tocantins;3525;1830;1695
TO;Lajeado;2773;1464;1309
TO;Lavandeira;1605;838;767
TO;Lizarda;3725;2007;1718
TO;Luzinópolis;2622;1350;1272
TO;Marianópolis do Tocantins;4352;2318;2034
TO;Mateiros;2223;1187;1036
TO;Maurilândia do Tocantins;3154;1697;1457
TO;Miracema do Tocantins;20684;10347;10337
TO;Miranorte;12623;6423;6200
TO;Monte do Carmo;6716;3601;3115
TO;Monte Santo do Tocantins;2085;1120;965
TO;Muricilândia;3152;1657;1495
TO;Natividade;9000;4596;4404
TO;Nazaré;4386;2262;2124
TO;Nova Olinda;10686;5576;5110
TO;Nova Rosalândia;3770;1965;1805
TO;Novo Acordo;3762;1921;1841
TO;Novo Alegre;2286;1180;1106
TO;Novo Jardim;2457;1277;1180
TO;Oliveira de Fátima;1037;552;485
TO;Palmas;228332;112848;115484
TO;Palmeirante;4954;2659;2295
TO;Palmeiras do Tocantins;5740;2991;2749
TO;Palmeirópolis;7339;3704;3635
TO;Paraíso do Tocantins;44417;22113;22304
TO;Paranã;10338;5444;4894
TO;Pau D'Arco;4588;2459;2129
TO;Pedro Afonso;11539;5969;5570
TO;Peixe;10384;5427;4957
TO;Pequizeiro;5054;2667;2387
TO;Pindorama do Tocantins;4506;2385;2121
TO;Piraquê;2920;1626;1294
TO;Pium;6694;3526;3168
TO;Ponte Alta do Bom Jesus;4544;2405;2139
TO;Ponte Alta do Tocantins;7180;3879;3301
TO;Porto Alegre do Tocantins;2796;1431;1365
TO;Porto Nacional;49146;24517;24629
TO;Praia Norte;7659;3897;3762
TO;Presidente Kennedy;3681;1882;1799
TO;Pugmil;2369;1257;1112
TO;Recursolândia;3768;2008;1760
TO;Riachinho;4191;2168;2023
TO;Rio da Conceição;1714;886;828
TO;Rio dos Bois;2570;1361;1209
TO;Rio Sono;6254;3379;2875
TO;Sampaio;3864;1970;1894
TO;Sandolândia;3326;1741;1585
TO;Santa Fé do Araguaia;6599;3417;3182
TO;Santa Maria do Tocantins;2894;1518;1376
TO;Santa Rita do Tocantins;2128;1109;1019
TO;Santa Rosa do Tocantins;4568;2411;2157
TO;Santa Tereza do Tocantins;2523;1339;1184
TO;Santa Terezinha do Tocantins;2474;1268;1206
TO;São Bento do Tocantins;4608;2403;2205
TO;São Félix do Tocantins;1437;770;667
TO;São Miguel do Tocantins;10481;5290;5191
TO;São Salvador do Tocantins;2910;1486;1424
TO;São Sebastião do Tocantins;4283;2199;2084
TO;São Valério;4383;2267;2116
TO;Silvanópolis;5068;2655;2413
TO;Sítio Novo do Tocantins;9148;4631;4517
TO;Sucupira;1742;894;848
TO;Taguatinga;15051;7884;7167
TO;Taipas do Tocantins;1945;1017;928
TO;Talismã;2562;1351;1211
TO;Tocantínia;6736;3476;3260
TO;Tocantinópolis;22619;11200;11419
TO;Tupirama;1574;843;731
TO;Tupiratins;2097;1087;1010
TO;Wanderlândia;10981;5647;5334
TO;Xambioá;11484;5907;5577
MA;Açailândia;104047;52115;51932
MA;Afonso Cunha;5905;2972;2933
MA;Água Doce do Maranhão;11581;6018;5563
MA;Alcântara;21851;11258;10593
MA;Aldeias Altas;23952;12395;11557
MA;Altamira do Maranhão;11063;5567;5496
MA;Alto Alegre do Maranhão;24599;12274;12325
MA;Alto Alegre do Pindaré;31057;16022;15035
MA;Alto Parnaíba;10766;5468;5298
MA;Amapá do Maranhão;6431;3312;3119
MA;Amarante do Maranhão;37932;19782;18150
MA;Anajatuba;25291;12959;12332
MA;Anapurus;13939;7020;6919
MA;Apicum-Açu;14959;7816;7143
MA;Araguanã;13973;7119;6854
MA;Araioses;42505;22007;20498
MA;Arame;31702;16483;15219
MA;Arari;28488;14315;14173
MA;Axixá;11407;5822;5585
MA;Bacabal;100014;47757;52257
MA;Bacabeira;14925;7510;7415
MA;Bacuri;16604;8487;8117
MA;Bacurituba;5293;2745;2548
MA;Balsas;83528;41574;41954
MA;Barão de Grajaú;17841;8937;8904
MA;Barra do Corda;82830;41656;41174
MA;Barreirinhas;54930;28132;26798
MA;Bela Vista do Maranhão;12049;6109;5940
MA;Belágua;6524;3423;3101
MA;Benedito Leite;5469;2855;2614
MA;Bequimão;20344;10349;9995
MA;Bernardo do Mearim;5996;2973;3023
MA;Boa Vista do Gurupi;7949;4041;3908
MA;Bom Jardim;39049;19850;19199
MA;Bom Jesus das Selvas;28459;14872;13587
MA;Bom Lugar;14818;7553;7265
MA;Brejo;33359;16883;16476
MA;Brejo de Areia;5577;2867;2710
MA;Buriti;27013;13678;13335
MA;Buriti Bravo;22899;11325;11574
MA;Buriticupu;65237;33316;31921
MA;Buritirana;14784;7536;7248
MA;Cachoeira Grande;8446;4403;4043
MA;Cajapió;10593;5365;5228
MA;Cajari;18338;9509;8829
MA;Campestre do Maranhão;13369;6819;6550
MA;Cândido Mendes;18505;9690;8815
MA;Cantanhede;20448;10254;10194
MA;Capinzal do Norte;10698;5345;5353
MA;Carolina;23959;12285;11674
MA;Carutapera;22006;11338;10668
MA;Caxias;155129;75082;80047
MA;Cedral;10297;5395;4902
MA;Central do Maranhão;7887;4087;3800
MA;Centro do Guilherme;12565;6641;5924
MA;Centro Novo do Maranhão;17622;9331;8291
MA;Chapadinha;73350;36243;37107
MA;Cidelândia;13681;7011;6670
MA;Codó;118038;57403;60635
MA;Coelho Neto;46750;23002;23748
MA;Colinas;39132;19395;19737
MA;Conceição do Lago-Açu;14436;7481;6955
MA;Coroatá;61725;30662;31063
MA;Cururupu;32652;16599;16053
MA;Davinópolis;12579;6271;6308
MA;Dom Pedro;22681;10950;11731
MA;Duque Bacelar;10649;5383;5266
MA;Esperantinópolis;18452;9075;9377
MA;Estreito;35835;19017;16818
MA;Feira Nova do Maranhão;8126;4266;3860
MA;Fernando Falcão;9241;4839;4402
MA;Formosa da Serra Negra;17757;9324;8433
MA;Fortaleza dos Nogueiras;11646;5972;5674
MA;Fortuna;15098;7612;7486
MA;Godofredo Viana;10635;5566;5069
MA;Gonçalves Dias;17482;8677;8805
MA;Governador Archer;10205;5066;5139
MA;Governador Edison Lobão;15895;8152;7743
MA;Governador Eugênio Barros;15991;8060;7931
MA;Governador Luiz Rocha;7337;3750;3587
MA;Governador Newton Bello;11921;6015;5906
MA;Governador Nunes Freire;25401;12863;12538
MA;Graça Aranha;6140;3031;3109
MA;Grajaú;62093;31696;30397
MA;Guimarães;12081;6140;5941
MA;Humberto de Campos;26189;13684;12505
MA;Icatu;25145;13092;12053
MA;Igarapé do Meio;12550;6348;6202
MA;Igarapé Grande;11041;5426;5615
MA;Imperatriz;247505;119227;128278
MA;Itaipava do Grajaú;14297;7388;6909
MA;Itapecuru Mirim;62110;31025;31085
MA;Itinga do Maranhão;24863;12588;12275
MA;Jatobá;8526;4303;4223
MA;Jenipapo dos Vieiras;15440;7976;7464
MA;João Lisboa;20381;9977;10404
MA;Joselândia;15433;7815;7618
MA;Junco do Maranhão;4020;2007;2013
MA;Lago da Pedra;46083;22965;23118
MA;Lago do Junco;10729;5415;5314
MA;Lago dos Rodrigues;7794;3866;3928
MA;Lago Verde;15412;7729;7683
MA;Lagoa do Mato;10934;5609;5325
MA;Lagoa Grande do Maranhão;10517;5544;4973
MA;Lajeado Novo;6923;3624;3299
MA;Lima Campos;11423;5615;5808
MA;Loreto;11390;5870;5520
MA;Luís Domingues;6510;3399;3111
MA;Magalhães de Almeida;17587;8979;8608
MA;Maracaçumé;19155;9593;9562
MA;Marajá do Sena;8051;4390;3661
MA;Maranhãozinho;14065;7168;6897
MA;Mata Roma;15150;7591;7559
MA;Matinha;21885;11027;10858
MA;Matões;31015;15583;15432
MA;Matões do Norte;13794;7241;6553
MA;Milagres do Maranhão;8118;4196;3922
MA;Mirador;20452;10456;9996
MA;Miranda do Norte;24427;11809;12618
MA;Mirinzal;14218;7287;6931
MA;Monção;31738;16191;15547
MA;Montes Altos;9413;4904;4509
MA;Morros;17783;9152;8631
MA;Nina Rodrigues;12464;6336;6128
MA;Nova Colinas;4885;2600;2285
MA;Nova Iorque;4590;2331;2259
MA;Nova Olinda do Maranhão;19134;9581;9553
MA;Olho d'Água das Cunhãs;18601;9185;9416
MA;Olinda Nova do Maranhão;13181;6805;6376
MA;Paço do Lumiar;105121;50910;54211
MA;Palmeirândia;18764;9388;9376
MA;Paraibano;20103;9878;10225
MA;Parnarama;34586;17524;17062
MA;Passagem Franca;17562;8693;8869
MA;Pastos Bons;18067;9179;8888
MA;Paulino Neves;14519;7502;7017
MA;Paulo Ramos;20079;10128;9951
MA;Pedreiras;39448;18860;20588
MA;Pedro do Rosário;22732;11836;10896
MA;Penalva;34267;17403;16864
MA;Peri Mirim;13803;6989;6814
MA;Peritoró;21201;10569;10632
MA;Pindaré-Mirim;31152;15243;15909
MA;Pinheiro;78162;38079;40083
MA;Pio XII;22016;11004;11012
MA;Pirapemas;17381;8666;8715
MA;Poção de Pedras;19708;9919;9789
MA;Porto Franco;21530;10848;10682
MA;Porto Rico do Maranhão;6030;3194;2836
MA;Presidente Dutra;44731;21966;22765
MA;Presidente Juscelino;11541;6004;5537
MA;Presidente Médici;6374;3294;3080
MA;Presidente Sarney;17165;8893;8272
MA;Presidente Vargas;10717;5460;5257
MA;Primeira Cruz;13954;7410;6544
MA;Raposa;26327;13121;13206
MA;Riachão;20209;10390;9819
MA;Ribamar Fiquene;7318;3771;3547
MA;Rosário;39576;19658;19918
MA;Sambaíba;5487;2894;2593
MA;Santa Filomena do Maranhão;7061;3670;3391
MA;Santa Helena;39110;19425;19685
MA;Santa Inês;77282;36887;40395
MA;Santa Luzia;74043;37699;36344
MA;Santa Luzia do Paruá;22644;11377;11267
MA;Santa Quitéria do Maranhão;29191;14736;14455
MA;Santa Rita;32366;16326;16040
MA;Santana do Maranhão;11661;6028;5633
MA;Santo Amaro do Maranhão;13820;7314;6506
MA;Santo Antônio dos Lopes;14288;7190;7098
MA;São Benedito do Rio Preto;17799;9040;8759
MA;São Bento;40736;19944;20792
MA;São Bernardo;26476;13356;13120
MA;São Domingos do Azeitão;6983;3566;3417
MA;São Domingos do Maranhão;33607;16904;16703
MA;São Félix de Balsas;4702;2454;2248
MA;São Francisco do Brejão;10261;5268;4993
MA;São Francisco do Maranhão;12146;6152;5994
MA;São João Batista;19920;10131;9789
MA;São João do Carú;12309;6339;5970
MA;São João do Paraíso;10814;5777;5037
MA;São João do Soter;17238;8816;8422
MA;São João dos Patos;24928;12210;12718
MA;São José de Ribamar;163045;78683;84362
MA;São José dos Basílios;7496;3757;3739
MA;São Luís;1014837;474995;539842
MA;São Luís Gonzaga do Maranhão;20153;10161;9992
MA;São Mateus do Maranhão;39093;19231;19862
MA;São Pedro da Água Branca;12028;6115;5913
MA;São Pedro dos Crentes;4425;2355;2070
MA;São Raimundo das Mangabeiras;17474;8884;8590
MA;São Raimundo do Doca Bezerra;6090;3186;2904
MA;São Roberto;5957;3091;2866
MA;São Vicente Ferrer;20863;10580;10283
MA;Satubinha;11990;6170;5820
MA;Senador Alexandre Costa;10256;5122;5134
MA;Senador La Rocque;17998;9060;8938
MA;Serrano do Maranhão;10940;5851;5089
MA;Sítio Novo;17002;8942;8060
MA;Sucupira do Norte;10444;5337;5107
MA;Sucupira do Riachão;4613;2372;2241
MA;Tasso Fragoso;7796;3973;3823
MA;Timbiras;27997;14092;13905
MA;Timon;155460;75561;79899
MA;Trizidela do Vale;18953;9141;9812
MA;Tufilândia;5596;2857;2739
MA;Tuntum;39183;19992;19191
MA;Turiaçu;33933;17626;16307
MA;Turilândia;22846;11481;11365
MA;Tutóia;52788;26680;26108
MA;Urbano Santos;24573;12372;12201
MA;Vargem Grande;49412;24619;24793
MA;Viana;49496;24712;24784
MA;Vila Nova dos Martírios;11258;5938;5320
MA;Vitória do Mearim;31217;15564;15653
MA;Vitorino Freire;31658;15721;15937
MA;Zé Doca;50173;24898;25275
PI;Acauã;6749;3459;3290
PI;Agricolândia;5098;2455;2643
PI;Água Branca;16451;7804;8647
PI;Alagoinha do Piauí;7341;3683;3658
PI;Alegrete do Piauí;5153;2556;2597
PI;Alto Longá;13646;6958;6688
PI;Altos;38822;19116;19706
PI;Alvorada do Gurguéia;5050;2648;2402
PI;Amarante;17135;8317;8818
PI;Angical do Piauí;6672;3235;3437
PI;Anísio de Abreu;9098;4642;4456
PI;Antônio Almeida;3039;1558;1481
PI;Aroazes;5779;2863;2916
PI;Aroeiras do Itaim;2440;1273;1167
PI;Arraial;4688;2316;2372
PI;Assunção do Piauí;7503;3825;3678
PI;Avelino Lopes;11067;5581;5486
PI;Baixa Grande do Ribeiro;10516;5468;5048
PI;Barra D'Alcântara;3852;1821;2031
PI;Barras;44850;22566;22284
PI;Barreiras do Piauí;3234;1690;1544
PI;Barro Duro;6607;3230;3377
PI;Batalha;25774;13048;12726
PI;Bela Vista do Piauí;3778;1936;1842
PI;Belém do Piauí;3284;1682;1602
PI;Beneditinos;9911;5014;4897
PI;Bertolínia;5319;2679;2640
PI;Betânia do Piauí;6015;3113;2902
PI;Boa Hora;6296;3204;3092
PI;Bocaina;4369;2149;2220
PI;Bom Jesus;22629;11303;11326
PI;Bom Princípio do Piauí;5304;2747;2557
PI;Bonfim do Piauí;5393;2693;2700
PI;Boqueirão do Piauí;6193;3079;3114
PI;Brasileira;7966;4075;3891
PI;Brejo do Piauí;3850;1944;1906
PI;Buriti dos Lopes;19074;9622;9452
PI;Buriti dos Montes;7974;4145;3829
PI;Cabeceiras do Piauí;9928;5094;4834
PI;Cajazeiras do Piauí;3343;1698;1645
PI;Cajueiro da Praia;7163;3742;3421
PI;Caldeirão Grande do Piauí;5671;2845;2826
PI;Campinas do Piauí;5408;2710;2698
PI;Campo Alegre do Fidalgo;4693;2404;2289
PI;Campo Grande do Piauí;5592;2839;2753
PI;Campo Largo do Piauí;6803;3466;3337
PI;Campo Maior;45177;21781;23396
PI;Canavieira;3921;2029;1892
PI;Canto do Buriti;20020;9954;10066
PI;Capitão de Campos;10953;5438;5515
PI;Capitão Gervásio Oliveira;3878;1999;1879
PI;Caracol;10212;5202;5010
PI;Caraúbas do Piauí;5525;2837;2688
PI;Caridade do Piauí;4826;2500;2326
PI;Castelo do Piauí;18336;8982;9354
PI;Caxingó;5039;2656;2383
PI;Cocal;26036;13165;12871
PI;Cocal de Telha;4525;2207;2318
PI;Cocal dos Alves;5572;2797;2775
PI;Coivaras;3811;1970;1841
PI;Colônia do Gurguéia;6036;2963;3073
PI;Colônia do Piauí;7433;3701;3732
PI;Conceição do Canindé;4475;2247;2228
PI;Coronel José Dias;4541;2378;2163
PI;Corrente;25407;12844;12563
PI;Cristalândia do Piauí;7831;4087;3744
PI;Cristino Castro;9981;5036;4945
PI;Curimatá;10761;5455;5306
PI;Currais;4704;2473;2231
PI;Curral Novo do Piauí;4869;2531;2338
PI;Curralinhos;4183;2144;2039
PI;Demerval Lobão;13278;6477;6801
PI;Dirceu Arcoverde;6675;3403;3272
PI;Dom Expedito Lopes;6569;3221;3348
PI;Dom Inocêncio;9245;4733;4512
PI;Domingos Mourão;4264;2156;2108
PI;Elesbão Veloso;14512;7148;7364
PI;Eliseu Martins;4665;2402;2263
PI;Esperantina;37767;18776;18991
PI;Fartura do Piauí;5074;2574;2500
PI;Flores do Piauí;4366;2219;2147
PI;Floresta do Piauí;2482;1272;1210
PI;Floriano;57690;27309;30381
PI;Francinópolis;5235;2558;2677
PI;Francisco Ayres;4477;2221;2256
PI;Francisco Macedo;2879;1436;1443
PI;Francisco Santos;8592;4383;4209
PI;Fronteiras;11117;5478;5639
PI;Geminiano;5475;2776;2699
PI;Gilbués;10402;5213;5189
PI;Guadalupe;10268;5088;5180
PI;Guaribas;4401;2216;2185
PI;Hugo Napoleão;3771;1839;1932
PI;Ilha Grande;8914;4557;4357
PI;Inhuma;14845;7319;7526
PI;Ipiranga do Piauí;9327;4595;4732
PI;Isaías Coelho;8221;4120;4101
PI;Itainópolis;11109;5545;5564
PI;Itaueira;10678;5385;5293
PI;Jacobina do Piauí;5722;2904;2818
PI;Jaicós;18035;8800;9235
PI;Jardim do Mulato;4309;2182;2127
PI;Jatobá do Piauí;4656;2423;2233
PI;Jerumenha;4390;2221;2169
PI;João Costa;2960;1571;1389
PI;Joaquim Pires;13817;7154;6663
PI;Joca Marques;5100;2665;2435
PI;José de Freitas;37085;18522;18563
PI;Juazeiro do Piauí;4757;2419;2338
PI;Júlio Borges;5373;2800;2573
PI;Jurema;4517;2354;2163
PI;Lagoa Alegre;8008;4124;3884
PI;Lagoa de São Francisco;6422;3208;3214
PI;Lagoa do Barro do Piauí;4523;2321;2202
PI;Lagoa do Piauí;3863;1990;1873
PI;Lagoa do Sítio;4850;2463;2387
PI;Lagoinha do Piauí;2656;1339;1317
PI;Landri Sales;5281;2619;2662
PI;Luís Correia;28406;14593;13813
PI;Luzilândia;24721;12405;12316
PI;Madeiro;7816;4044;3772
PI;Manoel Emídio;5213;2701;2512
PI;Marcolândia;7812;3867;3945
PI;Marcos Parente;4456;2219;2237
PI;Massapê do Piauí;6220;3152;3068
PI;Matias Olímpio;10473;5266;5207
PI;Miguel Alves;32289;16359;15930
PI;Miguel Leão;1253;657;596
PI;Milton Brandão;6769;3441;3328
PI;Monsenhor Gil;10333;5105;5228
PI;Monsenhor Hipólito;7391;3715;3676
PI;Monte Alegre do Piauí;10345;5285;5060
PI;Morro Cabeça no Tempo;4068;2061;2007
PI;Morro do Chapéu do Piauí;6499;3323;3176
PI;Murici dos Portelas;8464;4422;4042
PI;Nazaré do Piauí;7321;3667;3654
PI;Nazária;8068;4085;3983
PI;Nossa Senhora de Nazaré;4556;2331;2225
PI;Nossa Senhora dos Remédios;8206;4077;4129
PI;Nova Santa Rita;4187;2152;2035
PI;Novo Oriente do Piauí;6498;3234;3264
PI;Novo Santo Antônio;3260;1672;1588
PI;Oeiras;35640;17041;18599
PI;Olho D'Água do Piauí;2626;1308;1318
PI;Padre Marcos;6657;3229;3428
PI;Paes Landim;4059;2048;2011
PI;Pajeú do Piauí;3363;1744;1619
PI;Palmeira do Piauí;4993;2571;2422
PI;Palmeirais;13745;6781;6964
PI;Paquetá;4147;2143;2004
PI;Parnaguá;10276;5459;4817
PI;Parnaíba;145705;69727;75978
PI;Passagem Franca do Piauí;4546;2316;2230
PI;Patos do Piauí;6105;3093;3012
PI;Pau D'Arco do Piauí;3757;1935;1822
PI;Paulistana;19785;9567;10218
PI;Pavussu;3663;1950;1713
PI;Pedro II;37496;18443;19053
PI;Pedro Laurentino;2407;1251;1156
PI;Picos;73414;35061;38353
PI;Pimenteiras;11733;5998;5735
PI;Pio IX;17671;8820;8851
PI;Piracuruca;27553;13628;13925
PI;Piripiri;61834;30138;31696
PI;Porto;11897;6009;5888
PI;Porto Alegre do Piauí;2559;1324;1235
PI;Prata do Piauí;3085;1551;1534
PI;Queimada Nova;8553;4280;4273
PI;Redenção do Gurguéia;8400;4223;4177
PI;Regeneração;17556;8590;8966
PI;Riacho Frio;4241;2220;2021
PI;Ribeira do Piauí;4263;2138;2125
PI;Ribeiro Gonçalves;6845;3511;3334
PI;Rio Grande do Piauí;6273;3113;3160
PI;Santa Cruz do Piauí;6027;2973;3054
PI;Santa Cruz dos Milagres;3794;1884;1910
PI;Santa Filomena;6096;3217;2879
PI;Santa Luz;5513;2868;2645
PI;Santa Rosa do Piauí;5149;2582;2567
PI;Santana do Piauí;4917;2399;2518
PI;Santo Antônio de Lisboa;6007;2976;3031
PI;Santo Antônio dos Milagres;2059;1023;1036
PI;Santo Inácio do Piauí;3648;1851;1797
PI;São Braz do Piauí;4313;2240;2073
PI;São Félix do Piauí;3069;1500;1569
PI;São Francisco de Assis do Piauí;5567;2832;2735
PI;São Francisco do Piauí;6298;3190;3108
PI;São Gonçalo do Gurguéia;2825;1464;1361
PI;São Gonçalo do Piauí;4754;2353;2401
PI;São João da Canabrava;4445;2188;2257
PI;São João da Fronteira;5608;2805;2803
PI;São João da Serra;6157;3012;3145
PI;São João da Varjota;4651;2284;2367
PI;São João do Arraial;7336;3695;3641
PI;São João do Piauí;19548;9584;9964
PI;São José do Divino;5148;2653;2495
PI;São José do Peixe;3700;1885;1815
PI;São José do Piauí;6591;3281;3310
PI;São Julião;5675;2829;2846
PI;São Lourenço do Piauí;4427;2266;2161
PI;São Luis do Piauí;2561;1262;1299
PI;São Miguel da Baixa Grande;2110;1050;1060
PI;São Miguel do Fidalgo;2976;1546;1430
PI;São Miguel do Tapuio;18134;9219;8915
PI;São Pedro do Piauí;13639;6822;6817
PI;São Raimundo Nonato;32327;15897;16430
PI;Sebastião Barros;3560;1889;1671
PI;Sebastião Leal;4116;2151;1965
PI;Sigefredo Pacheco;9619;4972;4647
PI;Simões;14180;7078;7102
PI;Simplício Mendes;12077;6090;5987
PI;Socorro do Piauí;4522;2301;2221
PI;Sussuapara;6229;3099;3130
PI;Tamboril do Piauí;2753;1443;1310
PI;Tanque do Piauí;2620;1276;1344
PI;Teresina;814230;380612;433618
PI;União;42654;21404;21250
PI;Uruçuí;20149;9909;10240
PI;Valença do Piauí;20326;9577;10749
PI;Várzea Branca;4913;2498;2415
PI;Várzea Grande;4336;2048;2288
PI;Vera Mendes;2986;1492;1494
PI;Vila Nova do Piauí;3076;1576;1500
PI;Wall Ferraz;4280;2165;2115
CE;Abaiara;10496;5210;5286
CE;Acarape;15338;7571;7767
CE;Acaraú;57551;29102;28449
CE;Acopiara;51160;25624;25536
CE;Aiuaba;16203;8117;8086
CE;Alcântaras;10771;5314;5457
CE;Altaneira;6856;3317;3539
CE;Alto Santo;16359;8217;8142
CE;Amontada;39232;20356;18876
CE;Antonina do Norte;6984;3344;3640
CE;Apuiarés;13925;7072;6853
CE;Aquiraz;72628;37130;35498
CE;Aracati;69159;34147;35012
CE;Aracoiaba;25391;12788;12603
CE;Ararendá;10491;5180;5311
CE;Araripe;20685;10292;10393
CE;Aratuba;11529;5823;5706
CE;Arneiroz;7650;3850;3800
CE;Assaré;22445;11080;11365
CE;Aurora;24566;12224;12342
CE;Baixio;6026;3055;2971
CE;Banabuiú;17315;8737;8578
CE;Barbalha;55323;26904;28419
CE;Barreira;19573;9736;9837
CE;Barro;21514;10627;10887
CE;Barroquinha;14476;7321;7155
CE;Baturité;33321;16396;16925
CE;Beberibe;49311;24857;24454
CE;Bela Cruz;30878;15701;15177
CE;Boa Viagem;52498;26340;26158
CE;Brejo Santo;45193;21918;23275
CE;Camocim;60158;29770;30388
CE;Campos Sales;26506;12706;13800
CE;Canindé;74473;36912;37561
CE;Capistrano;17062;8638;8424
CE;Caridade;20020;10124;9896
CE;Cariré;18347;9142;9205
CE;Caririaçu;26393;12812;13581
CE;Cariús;18567;9334;9233
CE;Carnaubal;16746;8347;8399
CE;Cascavel;66142;32887;33255
CE;Catarina;18745;9302;9443
CE;Catunda;9952;5033;4919
CE;Caucaia;325441;159598;165843
CE;Cedro;24527;12108;12419
CE;Chaval;12615;6194;6421
CE;Choró;12853;6586;6267
CE;Chorozinho;18915;9600;9315
CE;Coreaú;21954;10944;11010
CE;Crateús;72812;35509;37303
CE;Crato;121428;57616;63812
CE;Croatá;17069;8328;8741
CE;Cruz;22479;11091;11388
CE;Deputado Irapuan Pinheiro;9095;4562;4533
CE;Ererê;6840;3428;3412
CE;Eusébio;46033;22951;23082
CE;Farias Brito;19007;9329;9678
CE;Forquilha;21786;10786;11000
CE;Fortaleza;2452185;1147918;1304267
CE;Fortim;14817;7456;7361
CE;Frecheirinha;12991;6378;6613
CE;General Sampaio;6218;3164;3054
CE;Graça;15049;7439;7610
CE;Granja;52645;26714;25931
CE;Granjeiro;4629;2263;2366
CE;Groaíras;10228;5045;5183
CE;Guaiúba;24091;12139;11952
CE;Guaraciaba do Norte;37775;18660;19115
CE;Guaramiranga;4164;2099;2065
CE;Hidrolândia;19325;9626;9699
CE;Horizonte;55187;27532;27655
CE;Ibaretama;12922;6667;6255
CE;Ibiapina;23808;11933;11875
CE;Ibicuitinga;11335;5865;5470
CE;Icapuí;18392;9414;8978
CE;Icó;65456;31881;33575
CE;Iguatu;96495;46425;50070
CE;Independência;25573;12741;12832
CE;Ipaporanga;11343;5658;5685
CE;Ipaumirim;12009;5996;6013
CE;Ipu;40296;19956;20340
CE;Ipueiras;37862;18533;19329
CE;Iracema;13722;6763;6959
CE;Irauçuba;22324;11347;10977
CE;Itaiçaba;7316;3642;3674
CE;Itaitinga;35817;18288;17529
CE;Itapagé;48350;23990;24360
CE;Itapipoca;116065;58243;57822
CE;Itapiúna;18626;9461;9165
CE;Itarema;37471;19351;18120
CE;Itatira;18894;9589;9305
CE;Jaguaretama;17863;9071;8792
CE;Jaguaribara;10399;5277;5122
CE;Jaguaribe;34409;16829;17580
CE;Jaguaruana;32236;16076;16160
CE;Jardim;26688;13067;13621
CE;Jati;7660;3830;3830
CE;Jijoca de Jericoacoara;17002;8520;8482
CE;Juazeiro do Norte;249939;118353;131586
CE;Jucás;23807;11766;12041
CE;Lavras da Mangabeira;31090;15568;15522
CE;Limoeiro do Norte;56264;27577;28687
CE;Madalena;18088;9083;9005
CE;Maracanaú;209057;102078;106979
CE;Maranguape;113561;56619;56942
CE;Marco;24703;12599;12104
CE;Martinópole;10214;5100;5114
CE;Massapê;35191;17444;17747
CE;Mauriti;44240;22091;22149
CE;Meruoca;13693;6874;6819
CE;Milagres;28316;13926;14390
CE;Milhã;13086;6528;6558
CE;Miraíma;12800;6607;6193
CE;Missão Velha;34274;16915;17359
CE;Mombaça;42690;21249;21441
CE;Monsenhor Tabosa;16705;8295;8410
CE;Morada Nova;62065;31143;30922
CE;Moraújo;8070;4070;4000
CE;Morrinhos;20700;10440;10260
CE;Mucambo;14102;6699;7403
CE;Mulungu;11485;5842;5643
CE;Nova Olinda;14256;7020;7236
CE;Nova Russas;30965;15024;15941
CE;Novo Oriente;27453;13549;13904
CE;Ocara;24007;12317;11690
CE;Orós;21389;10421;10968
CE;Pacajus;61838;30370;31468
CE;Pacatuba;72299;35599;36700
CE;Pacoti;11607;5850;5757
CE;Pacujá;5986;2902;3084
CE;Palhano;8866;4470;4396
CE;Palmácia;12005;6002;6003
CE;Paracuru;31636;15852;15784
CE;Paraipaba;30041;15291;14750
CE;Parambu;31309;15262;16047
CE;Paramoti;11308;5814;5494
CE;Pedra Branca;41890;20697;21193
CE;Penaforte;8226;4044;4182
CE;Pentecoste;35400;17899;17501
CE;Pereiro;15757;7762;7995
CE;Pindoretama;18683;9340;9343
CE;Piquet Carneiro;15467;7790;7677
CE;Pires Ferreira;10216;5139;5077
CE;Poranga;12001;5974;6027
CE;Porteiras;15061;7366;7695
CE;Potengi;10276;4987;5289
CE;Potiretama;6126;3159;2967
CE;Quiterianópolis;19921;9852;10069
CE;Quixadá;80604;39769;40835
CE;Quixelô;15000;7549;7451
CE;Quixeramobim;71887;35729;36158
CE;Quixeré;19412;9706;9706
CE;Redenção;26415;13122;13293
CE;Reriutaba;19455;9681;9774
CE;Russas;69833;34405;35428
CE;Saboeiro;15752;7762;7990
CE;Salitre;15453;7770;7683
CE;Santa Quitéria;42763;21441;21322
CE;Santana do Acaraú;29946;15171;14775
CE;Santana do Cariri;17170;8640;8530
CE;São Benedito;44178;21829;22349
CE;São Gonçalo do Amarante;43890;22348;21542
CE;São João do Jaguaribe;7900;3852;4048
CE;São Luís do Curu;12332;6142;6190
CE;Senador Pompeu;26469;13019;13450
CE;Senador Sá;6852;3431;3421
CE;Sobral;188233;91462;96771
CE;Solonópole;17665;8838;8827
CE;Tabuleiro do Norte;29204;14214;14990
CE;Tamboril;25451;12631;12820
CE;Tarrafas;8910;4452;4458
CE;Tauá;55716;27357;28359
CE;Tejuçuoca;16827;8608;8219
CE;Tianguá;68892;34175;34717
CE;Trairi;51422;26437;24985
CE;Tururu;14408;7473;6935
CE;Ubajara;31787;15760;16027
CE;Umari;7545;3772;3773
CE;Umirim;18802;9641;9161
CE;Uruburetama;19765;9925;9840
CE;Uruoca;12883;6498;6385
CE;Varjota;17593;8705;8888
CE;Várzea Alegre;38434;18660;19774
CE;Viçosa do Ceará;54955;27663;27292
RN;Acari;11035;5364;5671
RN;Açu;53227;26141;27086
RN;Afonso Bezerra;10844;5451;5393
RN;Água Nova;2980;1480;1500
RN;Alexandria;13507;6616;6891
RN;Almino Afonso;4871;2497;2374
RN;Alto do Rodrigues;12305;6165;6140
RN;Angicos;11549;5656;5893
RN;Antônio Martins;6907;3494;3413
RN;Apodi;34763;17376;17387
RN;Areia Branca;25315;12345;12970
RN;Arês;12924;6410;6514
RN;Augusto Severo;9289;4708;4581
RN;Baía Formosa;8573;4333;4240
RN;Baraúna;24182;12271;11911
RN;Barcelona;3950;2020;1930
RN;Bento Fernandes;5113;2630;2483
RN;Bodó;2425;1260;1165
RN;Bom Jesus;9440;4708;4732
RN;Brejinho;11577;5800;5777
RN;Caiçara do Norte;6016;3119;2897
RN;Caiçara do Rio do Vento;3308;1644;1664
RN;Caicó;62709;30373;32336
RN;Campo Redondo;10266;5104;5162
RN;Canguaretama;30916;15472;15444
RN;Caraúbas;19576;9568;10008
RN;Carnaúba dos Dantas;7429;3716;3713
RN;Carnaubais;9762;4896;4866
RN;Ceará-Mirim;68141;33747;34394
RN;Cerro Corá;10916;5459;5457
RN;Coronel Ezequiel;5405;2747;2658
RN;Coronel João Pessoa;4772;2368;2404
RN;Cruzeta;7967;3906;4061
RN;Currais Novos;42652;20373;22279
RN;Doutor Severiano;6492;3193;3299
RN;Encanto;5231;2565;2666
RN;Equador;5822;2960;2862
RN;Espírito Santo;10475;5319;5156
RN;Extremoz;24569;12195;12374
RN;Felipe Guerra;5734;2869;2865
RN;Fernando Pedroza;2854;1456;1398
RN;Florânia;8959;4492;4467
RN;Francisco Dantas;2874;1457;1417
RN;Frutuoso Gomes;4233;2072;2161
RN;Galinhos;2159;1115;1044
RN;Goianinha;22481;11202;11279
RN;Governador Dix-Sept Rosado;12374;6318;6056
RN;Grossos;9393;4762;4631
RN;Guamaré;12404;6223;6181
RN;Ielmo Marinho;12171;6276;5895
RN;Ipanguaçu;13856;7002;6854
RN;Ipueira;2077;1038;1039
RN;Itajá;6932;3543;3389
RN;Itaú;5564;2741;2823
RN;Jaçanã;7925;3935;3990
RN;Jandaíra;6801;3514;3287
RN;Janduís;5345;2650;2695
RN;Januário Cicco;9011;4637;4374
RN;Japi;5522;2806;2716
RN;Jardim de Angicos;2607;1353;1254
RN;Jardim de Piranhas;13506;6724;6782
RN;Jardim do Seridó;12113;5886;6227
RN;João Câmara;32227;16042;16185
RN;João Dias;2601;1281;1320
RN;José da Penha;5868;2822;3046
RN;Jucurutu;17692;8869;8823
RN;Jundiá;3582;1878;1704
RN;Lagoa d'Anta;6227;3132;3095
RN;Lagoa de Pedras;6989;3565;3424
RN;Lagoa de Velhos;2668;1367;1301
RN;Lagoa Nova;13983;6924;7059
RN;Lagoa Salgada;7564;3800;3764
RN;Lajes;10381;5164;5217
RN;Lajes Pintadas;4612;2348;2264
RN;Lucrécia;3633;1829;1804
RN;Luís Gomes;9610;4723;4887
RN;Macaíba;69467;34434;35033
RN;Macau;28954;14182;14772
RN;Major Sales;3536;1749;1787
RN;Marcelino Vieira;8265;4064;4201
RN;Martins;8218;4043;4175
RN;Maxaranguape;10441;5350;5091
RN;Messias Targino;4188;2119;2069
RN;Montanhas;11413;5665;5748
RN;Monte Alegre;20685;10275;10410
RN;Monte das Gameleiras;2261;1154;1107
RN;Mossoró;259815;125747;134068
RN;Natal;803739;377947;425792
RN;Nísia Floresta;23784;12288;11496
RN;Nova Cruz;35490;17499;17991
RN;Olho-d'Água do Borges;4295;2211;2084
RN;Ouro Branco;4699;2354;2345
RN;Paraná;3952;2041;1911
RN;Paraú;3859;1925;1934
RN;Parazinho;4845;2434;2411
RN;Parelhas;20354;9961;10393
RN;Parnamirim;202456;96995;105461
RN;Passa e Fica;11100;5508;5592
RN;Passagem;2895;1454;1441
RN;Patu;11964;5886;6078
RN;Pau dos Ferros;27745;13516;14229
RN;Pedra Grande;3521;1772;1749
RN;Pedra Preta;2590;1340;1250
RN;Pedro Avelino;7171;3691;3480
RN;Pedro Velho;14114;7160;6954
RN;Pendências;13432;6693;6739
RN;Pilões;3453;1729;1724
RN;Poço Branco;13949;7057;6892
RN;Portalegre;7320;3585;3735
RN;Porto do Mangue;5217;2730;2487
RN;Presidente Juscelino;8768;4471;4297
RN;Pureza;8424;4277;4147
RN;Rafael Fernandes;4692;2328;2364
RN;Rafael Godeiro;3063;1537;1526
RN;Riacho da Cruz;3165;1617;1548
RN;Riacho de Santana;4156;2073;2083
RN;Riachuelo;7067;3560;3507
RN;Rio do Fogo;10059;5134;4925
RN;Rodolfo Fernandes;4418;2173;2245
RN;Ruy Barbosa;3595;1835;1760
RN;Santa Cruz;35797;17472;18325
RN;Santa Maria;4762;2419;2343
RN;Santana do Matos;13809;6869;6940
RN;Santana do Seridó;2526;1267;1259
RN;Santo Antônio;22216;11099;11117
RN;São Bento do Norte;2975;1524;1451
RN;São Bento do Trairí;3905;1940;1965
RN;São Fernando;3401;1737;1664
RN;São Francisco do Oeste;3874;1945;1929
RN;São Gonçalo do Amarante;87668;43179;44489
RN;São João do Sabugi;5922;2923;2999
RN;São José de Mipibu;39776;19844;19932
RN;São José do Campestre;12356;6150;6206
RN;São José do Seridó;4231;2122;2109
RN;São Miguel;22157;10572;11585
RN;São Miguel do Gostoso;8670;4474;4196
RN;São Paulo do Potengi;15843;7824;8019
RN;São Pedro;6235;3172;3063
RN;São Rafael;8111;4130;3981
RN;São Tomé;10827;5436;5391
RN;São Vicente;6028;2944;3084
RN;Senador Elói de Souza;5637;2860;2777
RN;Senador Georgino Avelino;3924;1944;1980
RN;Serra de São Bento;5743;2865;2878
RN;Serra do Mel;10287;5392;4895
RN;Serra Negra do Norte;7770;3901;3869
RN;Serrinha;6581;3452;3129
RN;Serrinha dos Pintos;4540;2293;2247
RN;Severiano Melo;5752;2865;2887
RN;Sítio Novo;5020;2542;2478
RN;Taboleiro Grande;2317;1178;1139
RN;Taipu;11836;6112;5724
RN;Tangará;14175;7159;7016
RN;Tenente Ananias;9883;4979;4904
RN;Tenente Laurentino Cruz;5406;2746;2660
RN;Tibau;3687;1847;1840
RN;Tibau do Sul;11385;5758;5627
RN;Timbaúba dos Batistas;2295;1145;1150
RN;Touros;31089;16068;15021
RN;Triunfo Potiguar;3368;1770;1598
RN;Umarizal;10659;5228;5431
RN;Upanema;12992;6719;6273
RN;Várzea;5236;2622;2614
RN;Venha-Ver;3821;1952;1869
RN;Vera Cruz;10719;5355;5364
RN;Viçosa;1618;806;812
RN;Vila Flor;2872;1460;1412
PB;Água Branca;9449;4719;4730
PB;Aguiar;5530;2706;2824
PB;Alagoa Grande;28479;13861;14618
PB;Alagoa Nova;19681;9761;9920
PB;Alagoinha;13576;6704;6872
PB;Alcantil;5239;2624;2615
PB;Algodão de Jandaíra;2366;1217;1149
PB;Alhandra;18007;8864;9143
PB;Amparo;2088;1047;1041
PB;Aparecida;7676;3796;3880
PB;Araçagi;17224;8574;8650
PB;Arara;12653;6074;6579
PB;Araruna;18879;9324;9555
PB;Areia;23829;11669;12160
PB;Areia de Baraúnas;1927;963;964
PB;Areial;6470;3058;3412
PB;Aroeiras;19082;9222;9860
PB;Assunção;3522;1779;1743
PB;Baía da Traição;8012;4040;3972
PB;Bananeiras;21851;10784;11067
PB;Baraúna;4220;2110;2110
PB;Barra de Santa Rosa;14157;7085;7072
PB;Barra de Santana;8206;4147;4059
PB;Barra de São Miguel;5611;2918;2693
PB;Bayeux;99716;47736;51980
PB;Belém;17093;8345;8748
PB;Belém do Brejo do Cruz;7143;3607;3536
PB;Bernardino Batista;3075;1476;1599
PB;Boa Ventura;5751;2899;2852
PB;Boa Vista;6227;3085;3142
PB;Bom Jesus;2400;1219;1181
PB;Bom Sucesso;5035;2477;2558
PB;Bonito de Santa Fé;10804;5350;5454
PB;Boqueirão;16888;8323;8565
PB;Borborema;5111;2558;2553
PB;Brejo do Cruz;13123;6510;6613
PB;Brejo dos Santos;6198;3094;3104
PB;Caaporã;20362;10090;10272
PB;Cabaceiras;5035;2493;2542
PB;Cabedelo;57944;27630;30314
PB;Cachoeira dos Índios;9546;4820;4726
PB;Cacimba de Areia;3557;1779;1778
PB;Cacimba de Dentro;16748;8217;8531
PB;Cacimbas;6814;3284;3530
PB;Caiçara;7220;3619;3601
PB;Cajazeiras;58446;27938;30508
PB;Cajazeirinhas;3033;1548;1485
PB;Caldas Brandão;5637;2802;2835
PB;Camalaú;5749;2840;2909
PB;Campina Grande;385213;182205;203008
PB;Campo de Santana;10262;5162;5100
PB;Capim;5601;2815;2786
PB;Caraúbas;3899;1972;1927
PB;Carrapateira;2378;1247;1131
PB;Casserengue;7058;3549;3509
PB;Catingueira;4812;2413;2399
PB;Catolé do Rocha;28759;14028;14731
PB;Caturité;4543;2300;2243
PB;Conceição;18363;9120;9243
PB;Condado;6584;3215;3369
PB;Conde;21400;10763;10637
PB;Congo;4687;2378;2309
PB;Coremas;15149;7421;7728
PB;Coxixola;1771;916;855
PB;Cruz do Espírito Santo;16257;8093;8164
PB;Cubati;6866;3393;3473
PB;Cuité;19978;9833;10145
PB;Cuité de Mamanguape;6202;3100;3102
PB;Cuitegi;6889;3389;3500
PB;Curral de Cima;5209;2632;2577
PB;Curral Velho;2505;1304;1201
PB;Damião;4900;2460;2440
PB;Desterro;7991;3893;4098
PB;Diamante;6616;3331;3285
PB;Dona Inês;10517;5277;5240
PB;Duas Estradas;3638;1790;1848
PB;Emas;3317;1673;1644
PB;Esperança;31095;15155;15940
PB;Fagundes;11405;5607;5798
PB;Frei Martinho;2933;1468;1465
PB;Gado Bravo;8376;4133;4243
PB;Guarabira;55326;26693;28633
PB;Gurinhém;13872;6920;6952
PB;Gurjão;3159;1550;1609
PB;Ibiara;6031;3033;2998
PB;Igaracy;6156;3019;3137
PB;Imaculada;11352;5707;5645
PB;Ingá;18180;8838;9342
PB;Itabaiana;24481;11851;12630
PB;Itaporanga;23192;11389;11803
PB;Itapororoca;16997;8560;8437
PB;Itatuba;10201;5049;5152
PB;Jacaraú;13942;6918;7024
PB;Jericó;7538;3694;3844
PB;João Pessoa;723515;337783;385732
PB;Juarez Távora;7459;3641;3818
PB;Juazeirinho;16776;8366;8410
PB;Junco do Seridó;6643;3308;3335
PB;Juripiranga;10237;5129;5108
PB;Juru;9826;4897;4929
PB;Lagoa;4681;2304;2377
PB;Lagoa de Dentro;7370;3626;3744
PB;Lagoa Seca;25900;12743;13157
PB;Lastro;2841;1438;1403
PB;Livramento;7164;3524;3640
PB;Logradouro;3942;1938;2004
PB;Lucena;11730;5832;5898
PB;Mãe d'Água;4019;1964;2055
PB;Malta;5613;2703;2910
PB;Mamanguape;42303;20790;21513
PB;Manaíra;10759;5400;5359
PB;Marcação;7609;3894;3715
PB;Mari;21176;10367;10809
PB;Marizópolis;6173;3016;3157
PB;Massaranduba;12902;6245;6657
PB;Mataraca;7407;3690;3717
PB;Matinhas;4321;2151;2170
PB;Mato Grosso;2702;1349;1353
PB;Maturéia;5939;2900;3039
PB;Mogeiro;12491;6078;6413
PB;Montadas;4990;2482;2508
PB;Monte Horebe;4508;2262;2246
PB;Monteiro;30852;14985;15867
PB;Mulungu;9469;4630;4839
PB;Natuba;10566;5217;5349
PB;Nazarezinho;7280;3631;3649
PB;Nova Floresta;10533;5121;5412
PB;Nova Olinda;6070;3019;3051
PB;Nova Palmeira;4361;2163;2198
PB;Olho d'Água;6931;3352;3579
PB;Olivedos;3627;1853;1774
PB;Ouro Velho;2928;1470;1458
PB;Parari;1256;621;635
PB;Passagem;2233;1107;1126
PB;Patos;100674;47805;52869
PB;Paulista;11788;5829;5959
PB;Pedra Branca;3721;1847;1874
PB;Pedra Lavrada;7475;3734;3741
PB;Pedras de Fogo;27032;13467;13565
PB;Pedro Régis;5765;2890;2875
PB;Piancó;15465;7388;8077
PB;Picuí;18222;8953;9269
PB;Pilar;11191;5499;5692
PB;Pilões;6978;3517;3461
PB;Pilõezinhos;5155;2543;2612
PB;Pirpirituba;10326;5114;5212
PB;Pitimbu;17024;8609;8415
PB;Pocinhos;17032;8490;8542
PB;Poço Dantas;3751;1905;1846
PB;Poço de José de Moura;3978;1933;2045
PB;Pombal;32110;15381;16729
PB;Prata;3854;1926;1928
PB;Princesa Isabel;21283;10448;10835
PB;Puxinanã;12923;6356;6567
PB;Queimadas;41049;19936;21113
PB;Quixabá;1699;893;806
PB;Remígio;17581;8379;9202
PB;Riachão;3266;1602;1664
PB;Riachão do Bacamarte;4264;2082;2182
PB;Riachão do Poço;4164;2086;2078
PB;Riacho de Santo Antônio;1722;871;851
PB;Riacho dos Cavalos;8314;4242;4072
PB;Rio Tinto;22976;11310;11666
PB;Salgadinho;3508;1782;1726
PB;Salgado de São Félix;11976;5836;6140
PB;Santa Cecília;6658;3409;3249
PB;Santa Cruz;6471;3283;3188
PB;Santa Helena;5369;2626;2743
PB;Santa Inês;3539;1823;1716
PB;Santa Luzia;14719;7138;7581
PB;Santa Rita;120310;58119;62191
PB;Santa Teresinha;4581;2276;2305
PB;Santana de Mangueira;5331;2697;2634
PB;Santana dos Garrotes;7266;3512;3754
PB;Santarém;2615;1268;1347
PB;Santo André;2638;1337;1301
PB;São Bentinho;4138;2015;2123
PB;São Bento;30879;15220;15659
PB;São Domingos;2855;1412;1443
PB;São Domingos do Cariri;2420;1212;1208
PB;São Francisco;3364;1660;1704
PB;São João do Cariri;4344;2120;2224
PB;São João do Rio do Peixe;18201;8940;9261
PB;São João do Tigre;4396;2247;2149
PB;São José da Lagoa Tapada;7564;3680;3884
PB;São José de Caiana;6010;3052;2958
PB;São José de Espinharas;4760;2501;2259
PB;São José de Piranhas;19096;9529;9567
PB;São José de Princesa;4219;2139;2080
PB;São José do Bonfim;3233;1626;1607
PB;São José do Brejo do Cruz;1684;849;835
PB;São José do Sabugi;4010;2042;1968
PB;São José dos Cordeiros;3985;1982;2003
PB;São José dos Ramos;5508;2759;2749
PB;São Mamede;7748;3837;3911
PB;São Miguel de Taipu;6696;3341;3355
PB;São Sebastião de Lagoa de Roça;11041;5423;5618
PB;São Sebastião do Umbuzeiro;3235;1616;1619
PB;Sapé;50143;24653;25490
PB;Seridó;10230;5261;4969
PB;Serra Branca;12973;6334;6639
PB;Serra da Raiz;3204;1595;1609
PB;Serra Grande;2975;1502;1473
PB;Serra Redonda;7050;3359;3691
PB;Serraria;6238;3092;3146
PB;Sertãozinho;4395;2143;2252
PB;Sobrado;7373;3679;3694
PB;Solânea;26693;12764;13929
PB;Soledade;13739;6770;6969
PB;Sossêgo;3169;1581;1588
PB;Sousa;65803;31798;34005
PB;Sumé;16060;7927;8133
PB;Taperoá;14936;7346;7590
PB;Tavares;14103;7034;7069
PB;Teixeira;14153;6934;7219
PB;Tenório;2813;1466;1347
PB;Triunfo;9220;4570;4650
PB;Uiraúna;14584;7011;7573
PB;Umbuzeiro;9298;4509;4789
PB;Várzea;2504;1268;1236
PB;Vieirópolis;5045;2538;2507
PB;Vista Serrana;3512;1821;1691
PB;Zabelê;2075;1051;1024
PE;Abreu e Lima;94429;45125;49304
PE;Afogados da Ingazeira;35088;16790;18298
PE;Afrânio;17586;8750;8836
PE;Agrestina;22679;10935;11744
PE;Água Preta;33095;16610;16485
PE;Águas Belas;40235;19666;20569
PE;Alagoinha;13759;6913;6846
PE;Aliança;37415;18579;18836
PE;Altinho;22353;11106;11247
PE;Amaraji;21939;10984;10955
PE;Angelim;10202;5018;5184
PE;Araçoiaba;18156;9027;9129
PE;Araripina;77302;37836;39466
PE;Arcoverde;68793;32369;36424
PE;Barra de Guabiraba;12776;6515;6261
PE;Barreiros;40732;19885;20847
PE;Belém de Maria;11353;5635;5718
PE;Belém do São Francisco;20253;9960;10293
PE;Belo Jardim;72432;34780;37652
PE;Betânia;12003;6008;5995
PE;Bezerros;58668;28050;30618
PE;Bodocó;35158;17621;17537
PE;Bom Conselho;45503;22004;23499
PE;Bom Jardim;37826;18477;19349
PE;Bonito;37566;18577;18989
PE;Brejão;8844;4334;4510
PE;Brejinho;7307;3608;3699
PE;Brejo da Madre de Deus;45180;22180;23000
PE;Buenos Aires;12537;6197;6340
PE;Buíque;52105;25641;26464
PE;Cabo de Santo Agostinho;185025;90859;94166
PE;Cabrobó;30873;15052;15821
PE;Cachoeirinha;18819;9104;9715
PE;Caetés;26577;13172;13405
PE;Calçado;11125;5566;5559
PE;Calumbi;5648;2722;2926
PE;Camaragibe;144466;69212;75254
PE;Camocim de São Félix;17104;8322;8782
PE;Camutanga;8156;4086;4070
PE;Canhotinho;24521;12365;12156
PE;Capoeiras;19593;9772;9821
PE;Carnaíba;18574;9166;9408
PE;Carnaubeira da Penha;11782;5989;5793
PE;Carpina;74858;35563;39295
PE;Caruaru;314912;149153;165759
PE;Casinhas;13766;6799;6967
PE;Catende;37820;18303;19517
PE;Cedro;10778;5391;5387
PE;Chã de Alegria;12404;6096;6308
PE;Chã Grande;20137;9982;10155
PE;Condado;24282;11844;12438
PE;Correntes;17419;8610;8809
PE;Cortês;12452;6183;6269
PE;Cumaru;17183;8508;8675
PE;Cupira;23390;11050;12340
PE;Custódia;33855;16652;17203
PE;Dormentes;16917;8657;8260
PE;Escada;63517;31151;32366
PE;Exu;31636;15485;16151
PE;Feira Nova;20571;9972;10599
PE;Fernando de Noronha;2630;1292;1338
PE;Ferreiros;11430;5642;5788
PE;Flores;22169;10938;11231
PE;Floresta;29285;14431;14854
PE;Frei Miguelinho;14293;6998;7295
PE;Gameleira;27912;14102;13810
PE;Garanhuns;129408;60976;68432
PE;Glória do Goitá;29019;14166;14853
PE;Goiana;75644;36644;39000
PE;Granito;6855;3451;3404
PE;Gravatá;76458;36904;39554
PE;Iati;18360;9180;9180
PE;Ibimirim;26954;13350;13604
PE;Ibirajuba;7534;3791;3743
PE;Igarassu;102021;49316;52705
PE;Iguaraci;11779;5915;5864
PE;Ilha de Itamaracá;21884;12564;9320
PE;Inajá;19081;9555;9526
PE;Ingazeira;4496;2290;2206
PE;Ipojuca;80637;39890;40747
PE;Ipubi;28120;13855;14265
PE;Itacuruba;4369;2135;2234
PE;Itaíba;26256;13042;13214
PE;Itambé;35398;17484;17914
PE;Itapetim;13881;6850;7031
PE;Itapissuma;23769;12007;11762
PE;Itaquitinga;15692;7882;7810
PE;Jaboatão dos Guararapes;644620;304850;339770
PE;Jaqueira;11501;5705;5796
PE;Jataúba;15819;7860;7959
PE;Jatobá;13963;6837;7126
PE;João Alfredo;30743;14870;15873
PE;Joaquim Nabuco;15773;7900;7873
PE;Jucati;10604;5272;5332
PE;Jupi;13705;6683;7022
PE;Jurema;14541;7133;7408
PE;Lagoa do Carro;16007;7854;8153
PE;Lagoa de Itaenga;20659;10070;10589
PE;Lagoa do Ouro;12132;5970;6162
PE;Lagoa dos Gatos;15615;7825;7790
PE;Lagoa Grande;22760;11317;11443
PE;Lajedo;36628;17418;19210
PE;Limoeiro;55439;26826;28613
PE;Macaparana;23925;11666;12259
PE;Machados;13596;6551;7045
PE;Manari;18083;9128;8955
PE;Maraial;12230;6170;6060
PE;Mirandiba;14308;7116;7192
PE;Moreilândia;11132;5591;5541
PE;Moreno;56696;27664;29032
PE;Nazaré da Mata;30796;14747;16049
PE;Olinda;377779;174724;203055
PE;Orobó;22878;11067;11811
PE;Orocó;13180;6571;6609
PE;Ouricuri;64358;31699;32659
PE;Palmares;59526;28803;30723
PE;Palmeirina;8189;3986;4203
PE;Panelas;25645;12588;13057
PE;Paranatama;11001;5518;5483
PE;Parnamirim;20224;10280;9944
PE;Passira;28628;13980;14648
PE;Paudalho;51357;25205;26152
PE;Paulista;300466;141630;158836
PE;Pedra;20944;10473;10471
PE;Pesqueira;62931;30615;32316
PE;Petrolândia;32492;15947;16545
PE;Petrolina;293962;143252;150710
PE;Poção;11242;5375;5867
PE;Pombos;24046;11882;12164
PE;Primavera;13439;6882;6557
PE;Quipapá;24186;11918;12268
PE;Quixaba;6739;3325;3414
PE;Recife;1537704;709819;827885
PE;Riacho das Almas;19162;9417;9745
PE;Ribeirão;44439;21734;22705
PE;Rio Formoso;22151;11127;11024
PE;Sairé;11240;5534;5706
PE;Salgadinho;9312;4679;4633
PE;Salgueiro;56629;27604;29025
PE;Saloá;15309;7383;7926
PE;Sanharó;21955;10760;11195
PE;Santa Cruz;13594;6810;6784
PE;Santa Cruz da Baixa Verde;11768;5812;5956
PE;Santa Cruz do Capibaribe;87582;42373;45209
PE;Santa Filomena;13371;6759;6612
PE;Santa Maria da Boa Vista;39435;19868;19567
PE;Santa Maria do Cambucá;13021;6474;6547
PE;Santa Terezinha;10991;5385;5606
PE;São Benedito do Sul;13941;7017;6924
PE;São Bento do Una;53242;26564;26678
PE;São Caitano;35274;17203;18071
PE;São João;21312;10441;10871
PE;São Joaquim do Monte;20488;10195;10293
PE;São José da Coroa Grande;18180;8867;9313
PE;São José do Belmonte;32617;16241;16376
PE;São José do Egito;31829;15518;16311
PE;São Lourenço da Mata;102895;50016;52879
PE;São Vicente Ferrer;17000;8369;8631
PE;Serra Talhada;79232;37827;41405
PE;Serrita;18331;9199;9132
PE;Sertânia;33787;16500;17287
PE;Sirinhaém;40296;20348;19948
PE;Solidão;5744;2902;2842
PE;Surubim;58515;27994;30521
PE;Tabira;26427;12967;13460
PE;Tacaimbó;12725;6256;6469
PE;Tacaratu;22068;11159;10909
PE;Tamandaré;20715;10410;10305
PE;Taquaritinga do Norte;24903;12332;12571
PE;Terezinha;6737;3271;3466
PE;Terra Nova;9278;4723;4555
PE;Timbaúba;53825;25904;27921
PE;Toritama;35554;17421;18133
PE;Tracunhaém;13055;6363;6692
PE;Trindade;26116;12896;13220
PE;Triunfo;15006;7180;7826
PE;Tupanatinga;24425;12115;12310
PE;Tuparetama;7925;3852;4073
PE;Venturosa;16052;7860;8192
PE;Verdejante;9142;4484;4658
PE;Vertente do Lério;7873;3867;4006
PE;Vertentes;18222;8936;9286
PE;Vicência;30732;15183;15549
PE;Vitória de Santo Antão;129974;62409;67565
PE;Xexéu;14093;6995;7098
AL;Água Branca;19377;9655;9722
AL;Anadia;17424;8569;8855
AL;Arapiraca;214006;101884;112122
AL;Atalaia;44322;22209;22113
AL;Barra de Santo Antônio;14230;7077;7153
AL;Barra de São Miguel;7574;3763;3811
AL;Batalha;17076;8386;8690
AL;Belém;4551;2222;2329
AL;Belo Monte;7030;3550;3480
AL;Boca da Mata;25776;12769;13007
AL;Branquinha;10583;5379;5204
AL;Cacimbinhas;10195;5048;5147
AL;Cajueiro;20409;10078;10331
AL;Campestre;6598;3288;3310
AL;Campo Alegre;50816;25025;25791
AL;Campo Grande;9032;4437;4595
AL;Canapi;17250;8662;8588
AL;Capela;17077;8430;8647
AL;Carneiros;8290;4058;4232
AL;Chã Preta;7146;3644;3502
AL;Coité do Nóia;10926;5422;5504
AL;Colônia Leopoldina;20019;10073;9946
AL;Coqueiro Seco;5526;2756;2770
AL;Coruripe;52130;25748;26382
AL;Craíbas;22641;11157;11484
AL;Delmiro Gouveia;48096;23052;25044
AL;Dois Riachos;10880;5454;5426
AL;Estrela de Alagoas;17251;8404;8847
AL;Feira Grande;21321;10561;10760
AL;Feliz Deserto;4345;2131;2214
AL;Flexeiras;12325;6232;6093
AL;Girau do Ponciano;36600;18165;18435
AL;Ibateguara;15149;7573;7576
AL;Igaci;25188;12270;12918
AL;Igreja Nova;23292;11747;11545
AL;Inhapi;17898;8811;9087
AL;Jacaré dos Homens;5413;2671;2742
AL;Jacuípe;6997;3587;3410
AL;Japaratinga;7754;3874;3880
AL;Jaramataia;5558;2805;2753
AL;Jequiá da Praia;12029;6128;5901
AL;Joaquim Gomes;22575;11520;11055
AL;Jundiá;4202;2126;2076
AL;Junqueiro;23836;11743;12093
AL;Lagoa da Canoa;18250;8971;9279
AL;Limoeiro de Anadia;26992;13424;13568
AL;Maceió;932748;436492;496256
AL;Major Isidoro;18897;9268;9629
AL;Mar Vermelho;3652;1821;1831
AL;Maragogi;28749;14516;14233
AL;Maravilha;10284;5197;5087
AL;Marechal Deodoro;45977;22709;23268
AL;Maribondo;13619;6537;7082
AL;Mata Grande;24698;12332;12366
AL;Matriz de Camaragibe;23785;11597;12188
AL;Messias;15682;7703;7979
AL;Minador do Negrão;5275;2616;2659
AL;Monteirópolis;6935;3358;3577
AL;Murici;26710;13278;13432
AL;Novo Lino;12060;6120;5940
AL;Olho d'Água das Flores;20364;9722;10642
AL;Olho d'Água do Casado;8491;4278;4213
AL;Olho d'Água Grande;4957;2463;2494
AL;Olivença;11047;5561;5486
AL;Ouro Branco;10912;5437;5475
AL;Palestina;5112;2474;2638
AL;Palmeira dos Índios;70368;33582;36786
AL;Pão de Açúcar;23811;11758;12053
AL;Pariconha;10264;5114;5150
AL;Paripueira;11347;5590;5757
AL;Passo de Camaragibe;14763;7512;7251
AL;Paulo Jacinto;7426;3631;3795
AL;Penedo;60378;29308;31070
AL;Piaçabuçu;17203;8615;8588
AL;Pilar;33305;16167;17138
AL;Pindoba;2866;1420;1446
AL;Piranhas;23045;11294;11751
AL;Poço das Trincheiras;13872;7002;6870
AL;Porto Calvo;25708;12754;12954
AL;Porto de Pedras;8429;4270;4159
AL;Porto Real do Colégio;19334;9594;9740
AL;Quebrangulo;11480;5671;5809
AL;Rio Largo;68481;33301;35180
AL;Roteiro;6656;3369;3287
AL;Santa Luzia do Norte;6891;3370;3521
AL;Santana do Ipanema;44932;21811;23121
AL;Santana do Mundaú;10961;5490;5471
AL;São Brás;6718;3334;3384
AL;São José da Laje;22686;11172;11514
AL;São José da Tapera;30088;14850;15238
AL;São Luís do Quitunde;32412;16328;16084
AL;São Miguel dos Campos;54577;26565;28012
AL;São Miguel dos Milagres;7163;3563;3600
AL;São Sebastião;32010;15851;16159
AL;Satuba;14603;7106;7497
AL;Senador Rui Palmeira;13047;6405;6642
AL;Tanque d'Arca;6122;3020;3102
AL;Taquarana;19020;9237;9783
AL;Teotônio Vilela;41152;20164;20988
AL;Traipu;25702;12951;12751
AL;União dos Palmares;62358;30171;32187
AL;Viçosa;25407;12410;12997
SE;Amparo de São Francisco;2275;1135;1140
SE;Aquidabã;20056;9805;10251
SE;Aracaju;571149;265484;305665
SE;Arauá;10878;5487;5391
SE;Areia Branca;16857;8493;8364
SE;Barra dos Coqueiros;24976;12212;12764
SE;Boquim;25533;12538;12995
SE;Brejo Grande;7742;3936;3806
SE;Campo do Brito;16749;8233;8516
SE;Canhoba;3956;2061;1895
SE;Canindé de São Francisco;24686;12293;12393
SE;Capela;30761;15269;15492
SE;Carira;20007;9970;10037
SE;Carmópolis;13503;6671;6832
SE;Cedro de São João;5633;2780;2853
SE;Cristinápolis;16519;8295;8224
SE;Cumbe;3813;1903;1910
SE;Divina Pastora;4326;2189;2137
SE;Estância;64409;31365;33044
SE;Feira Nova;5324;2630;2694
SE;Frei Paulo;13874;6785;7089
SE;Gararu;11405;5811;5594
SE;General Maynard;2929;1423;1506
SE;Gracho Cardoso;5645;2889;2756
SE;Ilha das Flores;8348;4168;4180
SE;Indiaroba;15831;8027;7804
SE;Itabaiana;86967;42496;44471
SE;Itabaianinha;38910;19379;19531
SE;Itabi;4972;2478;2494
SE;Itaporanga d'Ajuda;30419;15165;15254
SE;Japaratuba;16864;8389;8475
SE;Japoatã;12938;6482;6456
SE;Lagarto;94861;46489;48372
SE;Laranjeiras;26902;13131;13771
SE;Macambira;6401;3162;3239
SE;Malhada dos Bois;3456;1753;1703
SE;Malhador;12042;6081;5961
SE;Maruim;16343;8011;8332
SE;Moita Bonita;11001;5462;5539
SE;Monte Alegre de Sergipe;13627;6900;6727
SE;Muribeca;7344;3685;3659
SE;Neópolis;18506;9233;9273
SE;Nossa Senhora Aparecida;8508;4257;4251
SE;Nossa Senhora da Glória;32497;16076;16421
SE;Nossa Senhora das Dores;24580;12127;12453
SE;Nossa Senhora de Lourdes;6238;3151;3087
SE;Nossa Senhora do Socorro;160827;78287;82540
SE;Pacatuba;13137;6687;6450
SE;Pedra Mole;2974;1496;1478
SE;Pedrinhas;8833;4356;4477
SE;Pinhão;5973;2926;3047
SE;Pirambu;8369;4213;4156
SE;Poço Redondo;30880;15767;15113
SE;Poço Verde;21983;10866;11117
SE;Porto da Folha;27146;13883;13263
SE;Propriá;28451;13846;14605
SE;Riachão do Dantas;19386;9736;9650
SE;Riachuelo;9355;4554;4801
SE;Ribeirópolis;17173;8492;8681
SE;Rosário do Catete;9221;4439;4782
SE;Salgado;19365;9658;9707
SE;Santa Luzia do Itanhy;12969;6654;6315
SE;Santa Rosa de Lima;3749;1887;1862
SE;Santana do São Francisco;7038;3537;3501
SE;Santo Amaro das Brotas;11410;5612;5798
SE;São Cristóvão;78864;38399;40465
SE;São Domingos;10271;5091;5180
SE;São Francisco;3393;1708;1685
SE;São Miguel do Aleixo;3698;1840;1858
SE;Simão Dias;38702;18888;19814
SE;Siriri;8004;3989;4015
SE;Telha;2957;1476;1481
SE;Tobias Barreto;48040;23459;24581
SE;Tomar do Geru;12855;6536;6319
SE;Umbaúba;22434;11000;11434
BA;Abaíra;8316;4082;4234
BA;Abaré;17064;8564;8500
BA;Acajutiba;14653;7208;7445
BA;Adustina;15702;7907;7795
BA;Água Fria;15731;7903;7828
BA;Aiquara;4602;2351;2251
BA;Alagoinhas;141949;67212;74737
BA;Alcobaça;21271;10815;10456
BA;Almadina;6357;3200;3157
BA;Amargosa;34351;16647;17704
BA;Amélia Rodrigues;25190;12283;12907
BA;América Dourada;15961;8073;7888
BA;Anagé;25516;12892;12624
BA;Andaraí;13960;7181;6779
BA;Andorinha;14414;7328;7086
BA;Angical;14073;7460;6613
BA;Anguera;10242;5083;5159
BA;Antas;17072;8581;8491
BA;Antônio Cardoso;11554;5734;5820
BA;Antônio Gonçalves;11015;5573;5442
BA;Aporá;17731;8961;8770
BA;Apuarema;7459;3794;3665
BA;Araças;11561;5828;5733
BA;Aracatu;13743;7052;6691
BA;Araci;51651;25940;25711
BA;Aramari;10036;4999;5037
BA;Arataca;10392;5502;4890
BA;Aratuípe;8599;4376;4223
BA;Aurelino Leal;13595;6833;6762
BA;Baianópolis;13850;7162;6688
BA;Baixa Grande;20060;9966;10094
BA;Banzaê;11814;5993;5821
BA;Barra;49325;25160;24165
BA;Barra da Estiva;21187;10648;10539
BA;Barra do Choça;34788;17553;17235
BA;Barra do Mendes;13987;7012;6975
BA;Barra do Rocha;6313;3337;2976
BA;Barreiras;137427;67913;69514
BA;Barro Alto;13612;6909;6703
BA;Barro Preto;6453;3306;3147
BA;Barrocas;14191;7218;6973
BA;Belmonte;21798;11159;10639
BA;Belo Campo;16021;8120;7901
BA;Biritinga;14836;7553;7283
BA;Boa Nova;15411;7824;7587
BA;Boa Vista do Tupim;17991;9134;8857
BA;Bom Jesus da Lapa;63480;31676;31804
BA;Bom Jesus da Serra;10113;5191;4922
BA;Boninal;13695;6702;6993
BA;Bonito;14834;7521;7313
BA;Boquira;22037;10856;11181
BA;Botuporã;11154;5608;5546
BA;Brejões;14282;7114;7168
BA;Brejolândia;11077;5798;5279
BA;Brotas de Macaúbas;10717;5472;5245
BA;Brumado;64602;31747;32855
BA;Buerarema;18605;9307;9298
BA;Buritirama;19600;10202;9398
BA;Caatiba;11420;5992;5428
BA;Cabaceiras do Paraguaçu;17327;8549;8778
BA;Cachoeira;32026;15453;16573
BA;Caculé;22236;11137;11099
BA;Caém;10368;5140;5228
BA;Caetanos;13639;7054;6585
BA;Caetité;47515;23419;24096
BA;Cafarnaum;17209;8764;8445
BA;Cairu;15374;7841;7533
BA;Caldeirão Grande;12491;6152;6339
BA;Camacan;31472;15734;15738
BA;Camaçari;242970;120704;122266
BA;Camamu;35180;17899;17281
BA;Campo Alegre de Lourdes;28090;14142;13948
BA;Campo Formoso;66616;33464;33152
BA;Canápolis;9410;4808;4602
BA;Canarana;24067;12126;11941
BA;Canavieiras;32336;16089;16247
BA;Candeal;8895;4499;4396
BA;Candeias;83158;40314;42844
BA;Candiba;13210;6815;6395
BA;Cândido Sales;27918;14032;13886
BA;Cansanção;32908;16560;16348
BA;Canudos;15732;7997;7735
BA;Capela do Alto Alegre;11527;5808;5719
BA;Capim Grosso;26577;12998;13579
BA;Caraíbas;10222;5216;5006
BA;Caravelas;21414;10873;10541
BA;Cardeal da Silva;8899;4502;4397
BA;Carinhanha;28380;14523;13857
BA;Casa Nova;64940;33091;31849
BA;Castro Alves;25408;12268;13140
BA;Catolândia;2612;1354;1258
BA;Catu;51077;24816;26261
BA;Caturama;8843;4543;4300
BA;Central;17013;8689;8324
BA;Chorrochó;10734;5442;5292
BA;Cícero Dantas;32300;15860;16440
BA;Cipó;15755;7678;8077
BA;Coaraci;20964;10274;10690
BA;Cocos;18153;9303;8850
BA;Conceição da Feira;20391;9922;10469
BA;Conceição do Almeida;17889;8704;9185
BA;Conceição do Coité;62040;30707;31333
BA;Conceição do Jacuípe;30123;14559;15564
BA;Conde;23620;11834;11786
BA;Condeúba;16898;8270;8628
BA;Contendas do Sincorá;4663;2380;2283
BA;Coração de Maria;22401;10841;11560
BA;Cordeiros;8168;4048;4120
BA;Coribe;14307;7199;7108
BA;Coronel João Sá;17066;8796;8270
BA;Correntina;31249;15763;15486
BA;Cotegipe;13636;7115;6521
BA;Cravolândia;5041;2557;2484
BA;Crisópolis;20046;10236;9810
BA;Cristópolis;13280;6869;6411
BA;Cruz das Almas;58606;27682;30924
BA;Curaçá;32168;16467;15701
BA;Dário Meira;12836;6726;6110
BA;Dias d'Ávila;66440;32818;33622
BA;Dom Basílio;11355;5870;5485
BA;Dom Macedo Costa;3874;1897;1977
BA;Elísio Medrado;7947;3957;3990
BA;Encruzilhada;23766;12376;11390
BA;Entre Rios;39872;19631;20241
BA;Érico Cardoso;10859;5422;5437
BA;Esplanada;32802;16334;16468
BA;Euclides da Cunha;56289;28319;27970
BA;Eunápolis;100196;49396;50800
BA;Fátima;17652;8949;8703
BA;Feira da Mata;6184;3197;2987
BA;Feira de Santana;556642;263999;292643
BA;Filadélfia;16740;8437;8303
BA;Firmino Alves;5384;2732;2652
BA;Floresta Azul;10660;5438;5222
BA;Formosa do Rio Preto;22528;11660;10868
BA;Gandu;30336;15103;15233
BA;Gavião;4561;2356;2205
BA;Gentio do Ouro;10622;5448;5174
BA;Glória;15076;7539;7537
BA;Gongogi;8357;4235;4122
BA;Governador Mangabeira;19818;9497;10321
BA;Guajeru;10412;5242;5170
BA;Guanambi;78833;38481;40352
BA;Guaratinga;22165;11618;10547
BA;Heliópolis;13192;6666;6526
BA;Iaçu;25736;12631;13105
BA;Ibiassucê;10062;5097;4965
BA;Ibicaraí;24272;11888;12384
BA;Ibicoara;17282;8754;8528
BA;Ibicuí;15785;8063;7722
BA;Ibipeba;17008;8758;8250
BA;Ibipitanga;14171;7048;7123
BA;Ibiquera;4866;2529;2337
BA;Ibirapitanga;22598;11534;11064
BA;Ibirapuã;7956;4098;3858
BA;Ibirataia;18943;9440;9503
BA;Ibitiara;15508;7695;7813
BA;Ibititá;17840;9058;8782
BA;Ibotirama;25424;12802;12622
BA;Ichu;5255;2588;2667
BA;Igaporã;15205;7643;7562
BA;Igrapiúna;13343;7042;6301
BA;Iguaí;25705;13123;12582
BA;Ilhéus;184236;89440;94796
BA;Inhambupe;36306;18028;18278
BA;Ipecaetá;15331;7586;7745
BA;Ipiaú;44390;21831;22559
BA;Ipirá;59343;29076;30267
BA;Ipupiara;9285;4741;4544
BA;Irajuba;7002;3506;3496
BA;Iramaia;11990;6167;5823
BA;Iraquara;22601;11244;11357
BA;Irará;27466;13297;14169
BA;Irecê;66181;32018;34163
BA;Itabela;28390;14481;13909
BA;Itaberaba;61631;29935;31696
BA;Itabuna;204667;96936;107731
BA;Itacaré;24318;12697;11621
BA;Itaeté;14924;7513;7411
BA;Itagi;13051;6588;6463
BA;Itagibá;15193;7804;7389
BA;Itagimirim;7110;3556;3554
BA;Itaguaçu da Bahia;13209;6959;6250
BA;Itaju do Colônia;7309;3699;3610
BA;Itajuípe;21081;10452;10629
BA;Itamaraju;63069;31460;31609
BA;Itamari;7903;4036;3867
BA;Itambé;23089;11583;11506
BA;Itanagra;7598;3885;3713
BA;Itanhém;20216;10295;9921
BA;Itaparica;20725;10166;10559
BA;Itapé;10995;5608;5387
BA;Itapebi;10495;5260;5235
BA;Itapetinga;68273;33449;34824
BA;Itapicuru;32261;16467;15794
BA;Itapitanga;10207;5178;5029
BA;Itaquara;7678;3842;3836
BA;Itarantim;18539;9523;9016
BA;Itatim;14522;7252;7270
BA;Itiruçu;12693;6241;6452
BA;Itiúba;36113;18317;17796
BA;Itororó;19914;9990;9924
BA;Ituaçu;18127;9031;9096
BA;Ituberá;26591;13388;13203
BA;Iuiú;10900;5646;5254
BA;Jaborandi;8973;4660;4313
BA;Jacaraci;13651;6926;6725
BA;Jacobina;79247;38328;40919
BA;Jaguaquara;51011;25042;25969
BA;Jaguarari;30343;15438;14905
BA;Jaguaripe;16467;8449;8018
BA;Jandaíra;10331;5309;5022
BA;Jequié;151895;73612;78283
BA;Jeremoabo;37680;19018;18662
BA;Jiquiriçá;14118;7155;6963
BA;Jitaúna;14115;7124;6991
BA;João Dourado;22549;11383;11166
BA;Juazeiro;197965;97085;100880
BA;Jucuruçu;10290;5399;4891
BA;Jussara;15052;7812;7240
BA;Jussari;6474;3280;3194
BA;Jussiape;8031;3907;4124
BA;Lafaiete Coutinho;3901;2030;1871
BA;Lagoa Real;13934;7200;6734
BA;Laje;22201;11286;10915
BA;Lajedão;3733;1837;1896
BA;Lajedinho;3936;2045;1891
BA;Lajedo do Tabocal;8305;4187;4118
BA;Lamarão;9560;4761;4799
BA;Lapão;25646;13083;12563
BA;Lauro de Freitas;163449;79276;84173
BA;Lençóis;10368;5210;5158
BA;Licínio de Almeida;12311;6276;6035
BA;Livramento de Nossa Senhora;42693;21492;21201
BA;Luís Eduardo Magalhães;60105;31056;29049
BA;Macajuba;11229;5520;5709
BA;Macarani;17093;8583;8510
BA;Macaúbas;47051;23541;23510
BA;Macururé;8073;4001;4072
BA;Madre de Deus;17376;8377;8999
BA;Maetinga;7038;3581;3457
BA;Maiquinique;8782;4544;4238
BA;Mairi;19326;9555;9771
BA;Malhada;16014;8285;7729
BA;Malhada de Pedras;8468;4322;4146
BA;Manoel Vitorino;14387;7338;7049
BA;Mansidão;12592;6585;6007
BA;Maracás;24613;12204;12409
BA;Maragogipe;42815;21516;21299
BA;Maraú;19101;10076;9025
BA;Marcionílio Souza;10500;5298;5202
BA;Mascote;14640;7551;7089
BA;Mata de São João;40183;19879;20304
BA;Matina;11145;5674;5471
BA;Medeiros Neto;21560;11049;10511
BA;Miguel Calmon;26475;13197;13278
BA;Milagres;10306;5003;5303
BA;Mirangaba;16279;8176;8103
BA;Mirante;10507;5393;5114
BA;Monte Santo;52338;26586;25752
BA;Morpará;8280;4241;4039
BA;Morro do Chapéu;38285;19319;18966
BA;Mortugaba;12477;6227;6250
BA;Mucugê;10545;5228;5317
BA;Mucuri;36026;18186;17840
BA;Mulungu do Morro;12249;6175;6074
BA;Mundo Novo;24395;12365;12030
BA;Muniz Ferreira;7317;3681;3636
BA;Muquém de São Francisco;10272;5449;4823
BA;Muritiba;28899;13726;15173
BA;Mutuípe;21449;10597;10852
BA;Nazaré;27274;13225;14049
BA;Nilo Peçanha;12530;6464;6066
BA;Nordestina;12371;6407;5964
BA;Nova Canaã;16713;8571;8142
BA;Nova Fátima;7602;3793;3809
BA;Nova Ibiá;6648;3492;3156
BA;Nova Itarana;7435;3771;3664
BA;Nova Redenção;8034;4069;3965
BA;Nova Soure;24136;12130;12006
BA;Nova Viçosa;38556;19418;19138
BA;Novo Horizonte;10673;5502;5171
BA;Novo Triunfo;15051;7533;7518
BA;Olindina;24943;12290;12653
BA;Oliveira dos Brejinhos;21831;11131;10700
BA;Ouriçangas;8298;4217;4081
BA;Ourolândia;13304;6731;6573
BA;Palmas de Monte Alto;20775;10599;10176
BA;Palmeiras;8410;4174;4236
BA;Paramirim;21001;10565;10436
BA;Paratinga;29504;14930;14574
BA;Paripiranga;27778;13670;14108
BA;Pau Brasil;10852;5495;5357
BA;Paulo Afonso;108396;51970;56426
BA;Pé de Serra;13752;6817;6935
BA;Pedrão;6876;3394;3482
BA;Pedro Alexandre;16995;8683;8312
BA;Piatã;17982;8734;9248
BA;Pilão Arcado;32860;16683;16177
BA;Pindaí;15628;8017;7611
BA;Pindobaçu;20121;10329;9792
BA;Pintadas;10342;5198;5144
BA;Piraí do Norte;9799;5194;4605
BA;Piripá;12783;6440;6343
BA;Piritiba;22399;11287;11112
BA;Planaltino;8822;4574;4248
BA;Planalto;24481;12092;12389
BA;Poções;44701;21762;22939
BA;Pojuca;33066;16078;16988
BA;Ponto Novo;15742;7924;7818
BA;Porto Seguro;126929;63489;63440
BA;Potiraguá;9810;5066;4744
BA;Prado;27627;13990;13637
BA;Presidente Dutra;13750;6992;6758
BA;Presidente Jânio Quadros;13652;6978;6674
BA;Presidente Tancredo Neves;23846;12212;11634
BA;Queimadas;24602;12285;12317
BA;Quijingue;27228;14011;13217
BA;Quixabeira;9554;4879;4675
BA;Rafael Jambeiro;22874;11136;11738
BA;Remanso;38957;19451;19506
BA;Retirolândia;12055;6025;6030
BA;Riachão das Neves;21937;11440;10497
BA;Riachão do Jacuípe;33172;16169;17003
BA;Riacho de Santana;30646;15594;15052
BA;Ribeira do Amparo;14276;7234;7042
BA;Ribeira do Pombal;47518;23376;24142
BA;Ribeirão do Largo;8602;4474;4128
BA;Rio de Contas;13007;6233;6774
BA;Rio do Antônio;14815;7441;7374
BA;Rio do Pires;11918;5928;5990
BA;Rio Real;37164;18654;18510
BA;Rodelas;7775;3835;3940
BA;Ruy Barbosa;29887;14549;15338
BA;Salinas da Margarida;13456;6554;6902
BA;Salvador;2675656;1248897;1426759
BA;Santa Bárbara;19064;9300;9764
BA;Santa Brígida;15060;7715;7345
BA;Santa Cruz Cabrália;26264;13331;12933
BA;Santa Cruz da Vitória;6673;3422;3251
BA;Santa Inês;10363;5135;5228
BA;Santa Luzia;13344;7051;6293
BA;Santa Maria da Vitória;40309;20337;19972
BA;Santa Rita de Cássia;26250;13572;12678
BA;Santa Teresinha;9648;4822;4826
BA;Santaluz;33838;16620;17218
BA;Santana;24750;12551;12199
BA;Santanópolis;8776;4246;4530
BA;Santo Amaro;57800;27755;30045
BA;Santo Antônio de Jesus;90985;42965;48020
BA;Santo Estêvão;47880;22906;24974
BA;São Desidério;27659;14530;13129
BA;São Domingos;9226;4591;4635
BA;São Felipe;20305;10083;10222
BA;São Félix;14098;6882;7216
BA;São Félix do Coribe;13048;6536;6512
BA;São Francisco do Conde;33183;16203;16980
BA;São Gabriel;18427;9449;8978
BA;São Gonçalo dos Campos;33283;16019;17264
BA;São José da Vitória;5715;2902;2813
BA;São José do Jacuípe;10180;5094;5086
BA;São Miguel das Matas;10414;5278;5136
BA;São Sebastião do Passé;42153;20708;21445
BA;Sapeaçu;16585;7978;8607
BA;Sátiro Dias;18964;9567;9397
BA;Saubara;11201;5482;5719
BA;Saúde;11845;5933;5912
BA;Seabra;41798;20685;21113
BA;Sebastião Laranjeiras;10371;5254;5117
BA;Senhor do Bonfim;74419;36020;38399
BA;Sento Sé;37425;19277;18148
BA;Serra do Ramalho;31638;16377;15261
BA;Serra Dourada;18112;9243;8869
BA;Serra Preta;15401;7587;7814
BA;Serrinha;76762;37680;39082
BA;Serrolândia;12344;6040;6304
BA;Simões Filho;118047;58013;60034
BA;Sítio do Mato;12050;6265;5785
BA;Sítio do Quinto;12592;6282;6310
BA;Sobradinho;22000;10799;11201
BA;Souto Soares;15899;8053;7846
BA;Tabocas do Brejo Velho;11431;5939;5492
BA;Tanhaçu;20013;10071;9942
BA;Tanque Novo;16128;8126;8002
BA;Tanquinho;8008;3977;4031
BA;Taperoá;18748;9586;9162
BA;Tapiramutá;16516;8337;8179
BA;Teixeira de Freitas;138341;68077;70264
BA;Teodoro Sampaio;7895;3856;4039
BA;Teofilândia;21482;10801;10681
BA;Teolândia;14836;7725;7111
BA;Terra Nova;12803;6221;6582
BA;Tremedal;17029;8532;8497
BA;Tucano;52418;26254;26164
BA;Uauá;24294;12218;12076
BA;Ubaíra;19750;10035;9715
BA;Ubaitaba;20691;10100;10591
BA;Ubatã;25004;12488;12516
BA;Uibaí;13625;6968;6657
BA;Umburanas;17000;8777;8223
BA;Una;24110;12557;11553
BA;Urandi;16466;8331;8135
BA;Uruçuca;19837;9857;9980
BA;Utinga;18173;8936;9237
BA;Valença;88673;43531;45142
BA;Valente;24560;12152;12408
BA;Várzea da Roça;13786;6984;6802
BA;Várzea do Poço;8661;4355;4306
BA;Várzea Nova;13073;6622;6451
BA;Varzedo;9109;4534;4575
BA;Vera Cruz;37567;18722;18845
BA;Vereda;6800;3564;3236
BA;Vitória da Conquista;306866;147879;158987
BA;Wagner;8983;4498;4485
BA;Wanderley;12485;6496;5989
BA;Wenceslau Guimarães;22189;11475;10714
BA;Xique-Xique;45536;22509;23027
MG;Abadia dos Dourados;6704;3400;3304
MG;Abaeté;22690;11230;11460
MG;Abre Campo;13311;6669;6642
MG;Acaiaca;3920;1894;2026
MG;Açucena;10276;5228;5048
MG;Água Boa;15195;7742;7453
MG;Água Comprida;2025;1073;952
MG;Aguanil;4054;2061;1993
MG;Águas Formosas;18479;9318;9161
MG;Águas Vermelhas;12722;6526;6196
MG;Aimorés;24959;12061;12898
MG;Aiuruoca;6162;3206;2956
MG;Alagoa;2709;1408;1301
MG;Albertina;2913;1488;1425
MG;Além Paraíba;34349;16538;17811
MG;Alfenas;73774;36081;37693
MG;Alfredo Vasconcelos;6075;3110;2965
MG;Almenara;38775;19534;19241
MG;Alpercata;7172;3590;3582
MG;Alpinópolis;18488;9493;8995
MG;Alterosa;13717;6981;6736
MG;Alto Caparaó;5297;2726;2571
MG;Alto Jequitibá;8318;4249;4069
MG;Alto Rio Doce;12159;6102;6057
MG;Alvarenga;4444;2239;2205
MG;Alvinópolis;15261;7535;7726
MG;Alvorada de Minas;3546;1779;1767
MG;Amparo do Serra;5053;2484;2569
MG;Andradas;37270;18681;18589
MG;Andrelândia;12173;6066;6107
MG;Angelândia;8003;3950;4053
MG;Antônio Carlos;11114;5530;5584
MG;Antônio Dias;9565;4829;4736
MG;Antônio Prado de Minas;1671;861;810
MG;Araçaí;2243;1083;1160
MG;Aracitaba;2058;1053;1005
MG;Araçuaí;36013;17848;18165
MG;Araguari;109801;54160;55641
MG;Arantina;2823;1415;1408
MG;Araponga;8152;4191;3961
MG;Araporã;6144;3111;3033
MG;Arapuá;2775;1406;1369
MG;Araújos;7883;4010;3873
MG;Araxá;93672;46265;47407
MG;Arceburgo;9509;4914;4595
MG;Arcos;36597;18209;18388
MG;Areado;13731;6925;6806
MG;Argirita;2901;1485;1416
MG;Aricanduva;4770;2429;2341
MG;Arinos;17674;9171;8503
MG;Astolfo Dutra;13049;6553;6496
MG;Ataléia;14455;7311;7144
MG;Augusto de Lima;4960;2525;2435
MG;Baependi;18307;9175;9132
MG;Baldim;7913;3941;3972
MG;Bambuí;22734;11252;11482
MG;Bandeira;4987;2537;2450
MG;Bandeira do Sul;5338;2742;2596
MG;Barão de Cocais;28442;14070;14372
MG;Barão de Monte Alto;5720;2847;2873
MG;Barbacena;126284;60162;66122
MG;Barra Longa;6143;3022;3121
MG;Barroso;19599;9550;10049
MG;Bela Vista de Minas;10004;4820;5184
MG;Belmiro Braga;3403;1722;1681
MG;Belo Horizonte;2375151;1113513;1261638
MG;Belo Oriente;23397;11621;11776
MG;Belo Vale;7536;3776;3760
MG;Berilo;12300;6283;6017
MG;Berizal;4370;2190;2180
MG;Bertópolis;4498;2384;2114
MG;Betim;378089;186352;191737
MG;Bias Fortes;3793;1970;1823
MG;Bicas;13653;6558;7095
MG;Biquinhas;2630;1320;1310
MG;Boa Esperança;38516;19274;19242
MG;Bocaina de Minas;5007;2636;2371
MG;Bocaiúva;46654;23366;23288
MG;Bom Despacho;45624;22625;22999
MG;Bom Jardim de Minas;6501;3249;3252
MG;Bom Jesus da Penha;3887;2022;1865
MG;Bom Jesus do Amparo;5491;2709;2782
MG;Bom Jesus do Galho;15364;7824;7540
MG;Bom Repouso;10457;5444;5013
MG;Bom Sucesso;17243;8551;8692
MG;Bonfim;6818;3423;3395
MG;Bonfinópolis de Minas;5865;2977;2888
MG;Bonito de Minas;9673;4995;4678
MG;Borda da Mata;17118;8671;8447
MG;Botelhos;14920;7472;7448
MG;Botumirim;6497;3395;3102
MG;Brás Pires;4637;2322;2315
MG;Brasilândia de Minas;14226;7384;6842
MG;Brasília de Minas;31213;15591;15622
MG;Brasópolis;14661;7433;7228
MG;Braúnas;5030;2463;2567
MG;Brumadinho;33973;17023;16950
MG;Bueno Brandão;10892;5660;5232
MG;Buenópolis;10292;5166;5126
MG;Bugre;3992;2030;1962
MG;Buritis;22737;11552;11185
MG;Buritizeiro;26922;13529;13393
MG;Cabeceira Grande;6453;3395;3058
MG;Cabo Verde;13823;7452;6371
MG;Cachoeira da Prata;3654;1718;1936
MG;Cachoeira de Minas;11034;5767;5267
MG;Cachoeira de Pajeú;8959;4510;4449
MG;Cachoeira Dourada;2505;1254;1251
MG;Caetanópolis;10218;5115;5103
MG;Caeté;40750;19827;20923
MG;Caiana;4968;2587;2381
MG;Cajuri;4047;2120;1927
MG;Caldas;13633;6953;6680
MG;Camacho;3154;1665;1489
MG;Camanducaia;21080;10857;10223
MG;Cambuí;26488;13233;13255
MG;Cambuquira;12602;6222;6380
MG;Campanário;3564;1734;1830
MG;Campanha;15433;7760;7673
MG;Campestre;20686;10764;9922
MG;Campina Verde;19324;9804;9520
MG;Campo Azul;3684;1946;1738
MG;Campo Belo;51544;25144;26400
MG;Campo do Meio;11476;5829;5647
MG;Campo Florido;6870;3679;3191
MG;Campos Altos;14206;7263;6943
MG;Campos Gerais;27600;14064;13536
MG;Cana Verde;5589;2861;2728
MG;Canaã;4628;2374;2254
MG;Canápolis;11365;5984;5381
MG;Candeias;14595;7457;7138
MG;Cantagalo;4195;2045;2150
MG;Caparaó;5209;2743;2466
MG;Capela Nova;4755;2333;2422
MG;Capelinha;34803;17145;17658
MG;Capetinga;7089;3741;3348
MG;Capim Branco;8881;4414;4467
MG;Capinópolis;15290;7824;7466
MG;Capitão Andrade;4925;2419;2506
MG;Capitão Enéas;14206;7203;7003
MG;Capitólio;8183;4168;4015
MG;Caputira;9030;4640;4390
MG;Caraí;22343;11299;11044
MG;Caranaíba;3288;1677;1611
MG;Carandaí;23346;11561;11785
MG;Carangola;32296;15692;16604
MG;Caratinga;85239;41671;43568
MG;Carbonita;9148;4682;4466
MG;Careaçu;6298;3223;3075
MG;Carlos Chagas;20069;10007;10062
MG;Carmésia;2446;1219;1227
MG;Carmo da Cachoeira;11836;5976;5860
MG;Carmo da Mata;10927;5452;5475
MG;Carmo de Minas;13750;6895;6855
MG;Carmo do Cajuru;20012;10030;9982
MG;Carmo do Paranaíba;29735;15052;14683
MG;Carmo do Rio Claro;20426;10483;9943
MG;Carmópolis de Minas;17048;8761;8287
MG;Carneirinho;9471;4867;4604
MG;Carrancas;3948;2011;1937
MG;Carvalhópolis;3341;1704;1637
MG;Carvalhos;4556;2340;2216
MG;Casa Grande;2244;1152;1092
MG;Cascalho Rico;2857;1527;1330
MG;Cássia;17412;8800;8612
MG;Cataguases;69757;34216;35541
MG;Catas Altas;4846;2389;2457
MG;Catas Altas da Noruega;3462;1761;1701
MG;Catuji;6708;3363;3345
MG;Catuti;5102;2627;2475
MG;Caxambu;21705;10526;11179
MG;Cedro do Abaeté;1210;628;582
MG;Central de Minas;6772;3301;3471
MG;Centralina;10266;5251;5015
MG;Chácara;2792;1410;1382
MG;Chalé;5645;2863;2782
MG;Chapada do Norte;15189;7446;7743
MG;Chapada Gaúcha;10805;5636;5169
MG;Chiador;2785;1355;1430
MG;Cipotânea;6547;3347;3200
MG;Claraval;4542;2370;2172
MG;Claro dos Poções;7775;3963;3812
MG;Cláudio;25771;13088;12683
MG;Coimbra;7054;3547;3507
MG;Coluna;9024;4480;4544
MG;Comendador Gomes;2972;1591;1381
MG;Comercinho;8298;4224;4074
MG;Conceição da Aparecida;9820;5008;4812
MG;Conceição da Barra de Minas;3954;2063;1891
MG;Conceição das Alagoas;23043;12049;10994
MG;Conceição das Pedras;2749;1468;1281
MG;Conceição de Ipanema;4456;2242;2214
MG;Conceição do Mato Dentro;17908;9003;8905
MG;Conceição do Pará;5158;2655;2503
MG;Conceição do Rio Verde;12949;6518;6431
MG;Conceição dos Ouros;10388;5311;5077
MG;Cônego Marinho;7101;3604;3497
MG;Confins;5936;2923;3013
MG;Congonhal;10468;5405;5063
MG;Congonhas;48519;23834;24685
MG;Congonhas do Norte;4943;2482;2461
MG;Conquista;6526;3316;3210
MG;Conselheiro Lafaiete;116512;56383;60129
MG;Conselheiro Pena;22242;10754;11488
MG;Consolação;1727;888;839
MG;Contagem;603442;292798;310644
MG;Coqueiral;9289;4632;4657
MG;Coração de Jesus;26033;13184;12849
MG;Cordisburgo;8667;4435;4232
MG;Cordislândia;3435;1767;1668
MG;Corinto;23914;11760;12154
MG;Coroaci;10270;5225;5045
MG;Coromandel;27547;13957;13590
MG;Coronel Fabriciano;103694;50035;53659
MG;Coronel Murta;9117;4658;4459
MG;Coronel Pacheco;2983;1516;1467
MG;Coronel Xavier Chaves;3301;1645;1656
MG;Córrego Danta;3391;1789;1602
MG;Córrego do Bom Jesus;3730;1948;1782
MG;Córrego Fundo;5790;2983;2807
MG;Córrego Novo;3127;1555;1572
MG;Couto de Magalhães de Minas;4204;2103;2101
MG;Crisólita;6047;3080;2967
MG;Cristais;11286;5765;5521
MG;Cristália;5760;2911;2849
MG;Cristiano Otoni;5007;2516;2491
MG;Cristina;10210;5224;4986
MG;Crucilândia;4757;2430;2327
MG;Cruzeiro da Fortaleza;3934;2008;1926
MG;Cruzília;14591;7245;7346
MG;Cuparaque;4680;2355;2325
MG;Curral de Dentro;6913;3500;3413
MG;Curvelo;74219;36141;38078
MG;Datas;5211;2551;2660
MG;Delfim Moreira;7971;4188;3783
MG;Delfinópolis;6830;3550;3280
MG;Delta;8089;4538;3551
MG;Descoberto;4768;2408;2360
MG;Desterro de Entre Rios;7002;3571;3431
MG;Desterro do Melo;3015;1546;1469
MG;Diamantina;45880;22239;23641
MG;Diogo de Vasconcelos;3848;1930;1918
MG;Dionísio;8739;4301;4438
MG;Divinésia;3293;1655;1638
MG;Divino;19133;9681;9452
MG;Divino das Laranjeiras;4937;2460;2477
MG;Divinolândia de Minas;7024;3479;3545
MG;Divinópolis;213016;103828;109188
MG;Divisa Alegre;5884;2905;2979
MG;Divisa Nova;5763;2982;2781
MG;Divisópolis;8974;4659;4315
MG;Dom Bosco;3814;2022;1792
MG;Dom Cavati;5209;2536;2673
MG;Dom Joaquim;4535;2222;2313
MG;Dom Silvério;5196;2493;2703
MG;Dom Viçoso;2994;1544;1450
MG;Dona Eusébia;6001;3038;2963
MG;Dores de Campos;9299;4614;4685
MG;Dores de Guanhães;5223;2612;2611
MG;Dores do Indaiá;13778;6715;7063
MG;Dores do Turvo;4462;2297;2165
MG;Doresópolis;1440;747;693
MG;Douradoquara;1841;970;871
MG;Durandé;7423;3770;3653
MG;Elói Mendes;25220;12489;12731
MG;Engenheiro Caldas;10280;4960;5320
MG;Engenheiro Navarro;7122;3618;3504
MG;Entre Folhas;5175;2570;2605
MG;Entre Rios de Minas;14242;7069;7173
MG;Ervália;17946;8990;8956
MG;Esmeraldas;60271;30270;30001
MG;Espera Feliz;22856;11504;11352
MG;Espinosa;31113;15291;15822
MG;Espírito Santo do Dourado;4429;2342;2087
MG;Estiva;10845;5609;5236
MG;Estrela Dalva;2470;1233;1237
MG;Estrela do Indaiá;3516;1769;1747
MG;Estrela do Sul;7446;3899;3547
MG;Eugenópolis;10540;5318;5222
MG;Ewbank da Câmara;3753;1855;1898
MG;Extrema;28599;14414;14185
MG;Fama;2350;1180;1170
MG;Faria Lemos;3376;1714;1662
MG;Felício dos Santos;5142;2568;2574
MG;Felisburgo;6877;3506;3371
MG;Felixlândia;14121;7046;7075
MG;Fernandes Tourinho;3030;1549;1481
MG;Ferros;10837;5395;5442
MG;Fervedouro;10349;5329;5020
MG;Florestal;6600;3245;3355
MG;Formiga;65128;32137;32991
MG;Formoso;8177;4283;3894
MG;Fortaleza de Minas;4098;2101;1997
MG;Fortuna de Minas;2705;1394;1311
MG;Francisco Badaró;10248;5279;4969
MG;Francisco Dumont;4863;2535;2328
MG;Francisco Sá;24912;12942;11970
MG;Franciscópolis;5800;2970;2830
MG;Frei Gaspar;5879;2968;2911
MG;Frei Inocêncio;8920;4355;4565
MG;Frei Lagonegro;3329;1688;1641
MG;Fronteira;14041;7230;6811
MG;Fronteira dos Vales;4687;2389;2298
MG;Fruta de Leite;5940;3024;2916
MG;Frutal;53468;27073;26395
MG;Funilândia;3855;1958;1897
MG;Galiléia;6951;3405;3546
MG;Gameleiras;5139;2624;2515
MG;Glaucilândia;2962;1496;1466
MG;Goiabeira;3053;1486;1567
MG;Goianá;3659;1845;1814
MG;Gonçalves;4220;2192;2028
MG;Gonzaga;5921;2927;2994
MG;Gouveia;11681;5662;6019
MG;Governador Valadares;263689;125237;138452
MG;Grão Mogol;15024;7727;7297
MG;Grupiara;1373;714;659
MG;Guanhães;31262;15201;16061
MG;Guapé;13872;7281;6591
MG;Guaraciaba;10223;5174;5049
MG;Guaraciama;4718;2378;2340
MG;Guaranésia;18714;9498;9216
MG;Guarani;8678;4423;4255
MG;Guarará;3929;1950;1979
MG;Guarda-Mor;6565;3427;3138
MG;Guaxupé;49430;24619;24811
MG;Guidoval;7206;3638;3568
MG;Guimarânia;7265;3713;3552
MG;Guiricema;8707;4427;4280
MG;Gurinhatã;6137;3237;2900
MG;Heliodora;6121;3117;3004
MG;Iapu;10315;5132;5183
MG;Ibertioga;5036;2543;2493
MG;Ibiá;23218;11858;11360
MG;Ibiaí;7839;4034;3805
MG;Ibiracatu;6155;3218;2937
MG;Ibiraci;12176;6364;5812
MG;Ibirité;158954;77839;81115
MG;Ibitiúra de Minas;3382;1760;1622
MG;Ibituruna;2866;1448;1418
MG;Icaraí de Minas;10746;5567;5179
MG;Igarapé;34851;17520;17331
MG;Igaratinga;9264;4773;4491
MG;Iguatama;8029;4034;3995
MG;Ijaci;5859;2964;2895
MG;Ilicínea;11488;5860;5628
MG;Imbé de Minas;6424;3293;3131
MG;Inconfidentes;6908;3521;3387
MG;Indaiabira;7330;3735;3595
MG;Indianópolis;6190;3231;2959
MG;Ingaí;2629;1391;1238
MG;Inhapim;24294;12129;12165
MG;Inhaúma;5760;2909;2851
MG;Inimutaba;6724;3329;3395
MG;Ipaba;16708;8411;8297
MG;Ipanema;18170;8806;9364
MG;Ipatinga;239468;116209;123259
MG;Ipiaçu;4107;2096;2011
MG;Ipuiúna;9521;4937;4584
MG;Iraí de Minas;6467;3381;3086
MG;Itabira;109783;52733;57050
MG;Itabirinha;10692;5322;5370
MG;Itabirito;45449;22337;23112
MG;Itacambira;4988;2678;2310
MG;Itacarambi;17720;8842;8878
MG;Itaguara;12372;6267;6105
MG;Itaipé;11798;6015;5783
MG;Itajubá;90658;44489;46169
MG;Itamarandiba;32175;16144;16031
MG;Itamarati de Minas;4079;2104;1975
MG;Itambacuri;22809;11032;11777
MG;Itambé do Mato Dentro;2283;1179;1104
MG;Itamogi;10349;5306;5043
MG;Itamonte;14003;7086;6917
MG;Itanhandu;14175;6947;7228
MG;Itanhomi;11856;5799;6057
MG;Itaobim;21001;10493;10508
MG;Itapagipe;13656;7124;6532
MG;Itapecerica;21377;10603;10774
MG;Itapeva;8664;4498;4166
MG;Itatiaiuçu;9928;5043;4885
MG;Itaú de Minas;14945;7403;7542
MG;Itaúna;85463;42099;43364
MG;Itaverava;5799;2977;2822
MG;Itinga;14407;7352;7055
MG;Itueta;5830;2962;2868
MG;Ituiutaba;97171;47862;49309
MG;Itumirim;6139;3059;3080
MG;Iturama;34456;17297;17159
MG;Itutinga;3913;1995;1918
MG;Jaboticatubas;17134;8705;8429
MG;Jacinto;12134;6285;5849
MG;Jacuí;7502;3873;3629
MG;Jacutinga;22772;11334;11438
MG;Jaguaraçu;2990;1508;1482
MG;Jaíba;33587;17344;16243
MG;Jampruca;5067;2594;2473
MG;Janaúba;66803;32795;34008
MG;Januária;65463;32344;33119
MG;Japaraíba;3939;2012;1927
MG;Japonvar;8298;4211;4087
MG;Jeceaba;5395;2723;2672
MG;Jenipapo de Minas;7116;3662;3454
MG;Jequeri;12848;6477;6371
MG;Jequitaí;8005;4031;3974
MG;Jequitibá;5156;2665;2491
MG;Jequitinhonha;24131;12276;11855
MG;Jesuânia;4768;2469;2299
MG;Joaíma;14941;7503;7438
MG;Joanésia;5425;2699;2726
MG;João Monlevade;73610;35049;38561
MG;João Pinheiro;45260;23048;22212
MG;Joaquim Felício;4305;2216;2089
MG;Jordânia;10324;5334;4990
MG;José Gonçalves de Minas;4553;2358;2195
MG;José Raydan;4376;2220;2156
MG;Josenópolis;4566;2346;2220
MG;Juatuba;22202;11217;10985
MG;Juiz de Fora;516247;244024;272223
MG;Juramento;4113;2053;2060
MG;Juruaia;9238;4703;4535
MG;Juvenília;5708;2923;2785
MG;Ladainha;16994;8392;8602
MG;Lagamar;7600;3917;3683
MG;Lagoa da Prata;45984;22852;23132
MG;Lagoa dos Patos;4225;2201;2024
MG;Lagoa Dourada;12256;6347;5909
MG;Lagoa Formosa;17161;8652;8509
MG;Lagoa Grande;8631;4549;4082
MG;Lagoa Santa;52520;25735;26785
MG;Lajinha;19609;9828;9781
MG;Lambari;19554;9640;9914
MG;Lamim;3452;1745;1707
MG;Laranjal;6465;3254;3211
MG;Lassance;6484;3327;3157
MG;Lavras;92200;44721;47479
MG;Leandro Ferreira;3205;1640;1565
MG;Leme do Prado;4804;2395;2409
MG;Leopoldina;51130;24546;26584
MG;Liberdade;5346;2701;2645
MG;Lima Duarte;16149;8141;8008
MG;Limeira do Oeste;6890;3532;3358
MG;Lontra;8397;4370;4027
MG;Luisburgo;6234;3224;3010
MG;Luislândia;6400;3293;3107
MG;Luminárias;5422;2811;2611
MG;Luz;17486;8716;8770
MG;Machacalis;6976;3609;3367
MG;Machado;38688;19342;19346
MG;Madre de Deus de Minas;4904;2463;2441
MG;Malacacheta;18776;9159;9617
MG;Mamonas;6321;3183;3138
MG;Manga;19813;9794;10019
MG;Manhuaçu;79574;39190;40384
MG;Manhumirim;21382;10518;10864
MG;Mantena;27111;13087;14024
MG;Mar de Espanha;11749;5712;6037
MG;Maravilhas;7163;3631;3532
MG;Maria da Fé;14216;7202;7014
MG;Mariana;54219;26583;27636
MG;Marilac;4219;2059;2160
MG;Mário Campos;13192;6641;6551
MG;Maripá de Minas;2788;1389;1399
MG;Marliéria;4012;1997;2015
MG;Marmelópolis;2968;1491;1477
MG;Martinho Campos;12611;6373;6238
MG;Martins Soares;7173;3656;3517
MG;Mata Verde;7874;4141;3733
MG;Materlândia;4595;2285;2310
MG;Mateus Leme;27856;13813;14043
MG;Mathias Lobato;3370;1675;1695
MG;Matias Barbosa;13435;6692;6743
MG;Matias Cardoso;9979;5096;4883
MG;Matipó;17639;8727;8912
MG;Mato Verde;12684;6260;6424
MG;Matozinhos;33955;16758;17197
MG;Matutina;3761;1852;1909
MG;Medeiros;3444;1811;1633
MG;Medina;21026;10476;10550
MG;Mendes Pimentel;6331;3153;3178
MG;Mercês;10368;5156;5212
MG;Mesquita;6069;3029;3040
MG;Minas Novas;30794;15350;15444
MG;Minduri;3840;1889;1951
MG;Mirabela;13042;6629;6413
MG;Miradouro;10251;5234;5017
MG;Miraí;13808;6944;6864
MG;Miravânia;4549;2283;2266
MG;Moeda;4689;2343;2346
MG;Moema;7028;3553;3475
MG;Monjolos;2360;1207;1153
MG;Monsenhor Paulo;8161;4180;3981
MG;Montalvânia;15862;7996;7866
MG;Monte Alegre de Minas;19619;10052;9567
MG;Monte Azul;21994;10839;11155
MG;Monte Belo;13061;6810;6251
MG;Monte Carmelo;45772;23066;22706
MG;Monte Formoso;4656;2431;2225
MG;Monte Santo de Minas;21234;10686;10548
MG;Monte Sião;21203;10654;10549
MG;Montes Claros;361915;174249;187666
MG;Montezuma;7464;3775;3689
MG;Morada Nova de Minas;8255;4205;4050
MG;Morro da Garça;2660;1376;1284
MG;Morro do Pilar;3399;1709;1690
MG;Munhoz;6257;3247;3010
MG;Muriaé;100765;48757;52008
MG;Mutum;26661;13475;13186
MG;Muzambinho;20430;10266;10164
MG;Nacip Raydan;3154;1586;1568
MG;Nanuque;40834;19994;20840
MG;Naque;6341;3194;3147
MG;Natalândia;3280;1736;1544
MG;Natércia;4658;2409;2249
MG;Nazareno;7954;4118;3836
MG;Nepomuceno;25733;12832;12901
MG;Ninheira;9815;5053;4762
MG;Nova Belém;3732;1897;1835
MG;Nova Era;17528;8349;9179
MG;Nova Lima;80998;39151;41847
MG;Nova Módica;3790;1903;1887
MG;Nova Ponte;12812;6725;6087
MG;Nova Porteirinha;7398;3788;3610
MG;Nova Resende;15374;8106;7268
MG;Nova Serrana;73699;38067;35632
MG;Nova União;5555;2796;2759
MG;Novo Cruzeiro;30725;15256;15469
MG;Novo Oriente de Minas;10339;5296;5043
MG;Novorizonte;4963;2489;2474
MG;Olaria;1976;1060;916
MG;Olhos-d'Água;5267;2778;2489
MG;Olímpio Noronha;2533;1304;1229
MG;Oliveira;39466;19305;20161
MG;Oliveira Fortes;2123;1080;1043
MG;Onça de Pitangui;3055;1558;1497
MG;Oratórios;4493;2234;2259
MG;Orizânia;7284;3697;3587
MG;Ouro Branco;35268;17577;17691
MG;Ouro Fino;31568;15818;15750
MG;Ouro Preto;70281;34277;36004
MG;Ouro Verde de Minas;6016;3018;2998
MG;Padre Carvalho;5834;2973;2861
MG;Padre Paraíso;18849;9334;9515
MG;Pai Pedro;5934;3024;2910
MG;Paineiras;4631;2332;2299
MG;Pains;8014;4026;3988
MG;Paiva;1558;782;776
MG;Palma;6545;3313;3232
MG;Palmópolis;6931;3570;3361
MG;Papagaios;14175;7237;6938
MG;Pará de Minas;84215;41639;42576
MG;Paracatu;84718;42470;42248
MG;Paraguaçu;20245;10178;10067
MG;Paraisópolis;19379;9785;9594
MG;Paraopeba;22563;11132;11431
MG;Passa Quatro;15582;7727;7855
MG;Passa Tempo;8197;4133;4064
MG;Passabém;1766;865;901
MG;Passa-Vinte;2079;1089;990
MG;Passos;106290;52568;53722
MG;Patis;5579;2918;2661
MG;Patos de Minas;138710;67924;70786
MG;Patrocínio;82471;41939;40532
MG;Patrocínio do Muriaé;5287;2650;2637
MG;Paula Cândido;9271;4693;4578
MG;Paulistas;4918;2385;2533
MG;Pavão;8589;4346;4243
MG;Peçanha;17260;8525;8735
MG;Pedra Azul;23839;11744;12095
MG;Pedra Bonita;6673;3455;3218
MG;Pedra do Anta;3365;1681;1684
MG;Pedra do Indaiá;3875;1986;1889
MG;Pedra Dourada;2191;1136;1055
MG;Pedralva;11467;5858;5609
MG;Pedras de Maria da Cruz;10315;5293;5022
MG;Pedrinópolis;3490;1798;1692
MG;Pedro Leopoldo;58740;28746;29994
MG;Pedro Teixeira;1785;948;837
MG;Pequeri;3165;1563;1602
MG;Pequi;4076;2042;2034
MG;Perdigão;8912;4555;4357
MG;Perdizes;14404;7533;6871
MG;Perdões;20087;9875;10212
MG;Periquito;7036;3452;3584
MG;Pescador;4128;2045;2083
MG;Piau;2841;1490;1351
MG;Piedade de Caratinga;7110;3649;3461
MG;Piedade de Ponte Nova;4062;1992;2070
MG;Piedade do Rio Grande;4709;2390;2319
MG;Piedade dos Gerais;4640;2417;2223
MG;Pimenta;8236;4243;3993
MG;Pingo-d'Água;4420;2199;2221
MG;Pintópolis;7211;3778;3433
MG;Piracema;6406;3233;3173
MG;Pirajuba;4656;2545;2111
MG;Piranga;17232;8648;8584
MG;Piranguçu;5217;2702;2515
MG;Piranguinho;8016;4066;3950
MG;Pirapetinga;10364;5105;5259
MG;Pirapora;53368;26146;27222
MG;Piraúba;10862;5439;5423
MG;Pitangui;25311;12546;12765
MG;Piumhi;31883;15850;16033
MG;Planura;10384;5451;4933
MG;Poço Fundo;15959;8213;7746
MG;Poços de Caldas;152435;73680;78755
MG;Pocrane;8986;4515;4471
MG;Pompéu;29105;14638;14467
MG;Ponte Nova;57390;27495;29895
MG;Ponto Chique;3966;2019;1947
MG;Ponto dos Volantes;11345;5797;5548
MG;Porteirinha;37627;18828;18799
MG;Porto Firme;10417;5303;5114
MG;Poté;15667;7719;7948
MG;Pouso Alegre;130615;64519;66096
MG;Pouso Alto;6213;3135;3078
MG;Prados;8391;4212;4179
MG;Prata;25802;13273;12529
MG;Pratápolis;8807;4456;4351
MG;Pratinha;3265;1699;1566
MG;Presidente Bernardes;5537;2780;2757
MG;Presidente Juscelino;3908;1996;1912
MG;Presidente Kubitschek;2959;1493;1466
MG;Presidente Olegário;18577;9533;9044
MG;Prudente de Morais;9573;4736;4837
MG;Quartel Geral;3303;1683;1620
MG;Queluzito;1861;957;904
MG;Raposos;15342;7386;7956
MG;Raul Soares;23818;11729;12089
MG;Recreio;10299;5000;5299
MG;Reduto;6569;3380;3189
MG;Resende Costa;10913;5373;5540
MG;Resplendor;17089;8369;8720
MG;Ressaquinha;4711;2349;2362
MG;Riachinho;8007;4182;3825
MG;Riacho dos Machados;9360;4755;4605
MG;Ribeirão das Neves;296317;146982;149335
MG;Ribeirão Vermelho;3826;1842;1984
MG;Rio Acima;9090;4469;4621
MG;Rio Casca;14201;6848;7353
MG;Rio do Prado;5217;2677;2540
MG;Rio Doce;2465;1229;1236
MG;Rio Espera;6070;3069;3001
MG;Rio Manso;5276;2773;2503
MG;Rio Novo;8712;4373;4339
MG;Rio Paranaíba;11885;6091;5794
MG;Rio Pardo de Minas;29099;14832;14267
MG;Rio Piracicaba;14149;6915;7234
MG;Rio Pomba;17110;8509;8601
MG;Rio Preto;5292;2671;2621
MG;Rio Vermelho;13645;6722;6923
MG;Ritápolis;4925;2434;2491
MG;Rochedo de Minas;2116;1086;1030
MG;Rodeiro;6867;3458;3409
MG;Romaria;3596;1867;1729
MG;Rosário da Limeira;4247;2183;2064
MG;Rubelita;7772;3999;3773
MG;Rubim;9919;5062;4857
MG;Sabará;126269;60828;65441
MG;Sabinópolis;15704;7775;7929
MG;Sacramento;23896;12129;11767
MG;Salinas;39178;19274;19904
MG;Salto da Divisa;6859;3506;3353
MG;Santa Bárbara;27876;13670;14206
MG;Santa Bárbara do Leste;7682;3922;3760
MG;Santa Bárbara do Monte Verde;2788;1455;1333
MG;Santa Bárbara do Tugúrio;4570;2323;2247
MG;Santa Cruz de Minas;7865;3854;4011
MG;Santa Cruz de Salinas;4397;2274;2123
MG;Santa Cruz do Escalvado;4992;2508;2484
MG;Santa Efigênia de Minas;4600;2265;2335
MG;Santa Fé de Minas;3968;2088;1880
MG;Santa Helena de Minas;6055;3056;2999
MG;Santa Juliana;11337;5831;5506
MG;Santa Luzia;202942;98485;104457
MG;Santa Margarida;15011;7583;7428
MG;Santa Maria de Itabira;10552;5236;5316
MG;Santa Maria do Salto;5284;2719;2565
MG;Santa Maria do Suaçuí;14395;7154;7241
MG;Santa Rita de Caldas;9027;4603;4424
MG;Santa Rita de Ibitipoca;3583;1846;1737
MG;Santa Rita de Jacutinga;4993;2536;2457
MG;Santa Rita de Minas;6547;3297;3250
MG;Santa Rita do Itueto;5697;2929;2768
MG;Santa Rita do Sapucaí;37754;18863;18891
MG;Santa Rosa da Serra;3224;1691;1533
MG;Santa Vitória;18138;9408;8730
MG;Santana da Vargem;7231;3625;3606
MG;Santana de Cataguases;3622;1818;1804
MG;Santana de Pirapama;8009;4129;3880
MG;Santana do Deserto;3860;1947;1913
MG;Santana do Garambéu;2234;1171;1063
MG;Santana do Jacaré;4607;2319;2288
MG;Santana do Manhuaçu;8582;4393;4189
MG;Santana do Paraíso;27265;13663;13602
MG;Santana do Riacho;4023;2018;2005
MG;Santana dos Montes;3822;1961;1861
MG;Santo Antônio do Amparo;17345;8587;8758
MG;Santo Antônio do Aventureiro;3538;1808;1730
MG;Santo Antônio do Grama;4085;2033;2052
MG;Santo Antônio do Itambé;4135;2068;2067
MG;Santo Antônio do Jacinto;11775;6027;5748
MG;Santo Antônio do Monte;25975;13197;12778
MG;Santo Antônio do Retiro;6955;3526;3429
MG;Santo Antônio do Rio Abaixo;1777;889;888
MG;Santo Hipólito;3238;1621;1617
MG;Santos Dumont;46284;22496;23788
MG;São Bento Abade;4577;2385;2192
MG;São Brás do Suaçuí;3513;1730;1783
MG;São Domingos das Dores;5408;2748;2660
MG;São Domingos do Prata;17357;8440;8917
MG;São Félix de Minas;3382;1734;1648
MG;São Francisco;53828;27278;26550
MG;São Francisco de Paula;6483;3280;3203
MG;São Francisco de Sales;5776;2972;2804
MG;São Francisco do Glória;5178;2655;2523
MG;São Geraldo;10263;5218;5045
MG;São Geraldo da Piedade;4389;2136;2253
MG;São Geraldo do Baixio;3486;1760;1726
MG;São Gonçalo do Abaeté;6264;3241;3023
MG;São Gonçalo do Pará;10398;5227;5171
MG;São Gonçalo do Rio Abaixo;9777;4872;4905
MG;São Gonçalo do Rio Preto;3056;1481;1575
MG;São Gonçalo do Sapucaí;23906;11924;11982
MG;São Gotardo;31819;16096;15723
MG;São João Batista do Glória;6887;3558;3329
MG;São João da Lagoa;4656;2438;2218
MG;São João da Mata;2731;1400;1331
MG;São João da Ponte;25358;13123;12235
MG;São João das Missões;11715;6048;5667
MG;São João del Rei;84469;40549;43920
MG;São João do Manhuaçu;10245;5214;5031
MG;São João do Manteninha;5188;2555;2633
MG;São João do Oriente;7874;3907;3967
MG;São João do Pacuí;4060;2092;1968
MG;São João do Paraíso;22319;11163;11156
MG;São João Evangelista;15553;7614;7939
MG;São João Nepomuceno;25057;12181;12876
MG;São Joaquim de Bicas;25537;13741;11796
MG;São José da Barra;6778;3509;3269
MG;São José da Lapa;19799;9826;9973
MG;São José da Safira;4075;2027;2048
MG;São José da Varginha;4198;2133;2065
MG;São José do Alegre;3996;1976;2020
MG;São José do Divino;3834;1890;1944
MG;São José do Goiabal;5636;2732;2904
MG;São José do Jacuri;6553;3331;3222
MG;São José do Mantimento;2592;1291;1301
MG;São Lourenço;41657;19758;21899
MG;São Miguel do Anta;6760;3436;3324
MG;São Pedro da União;5040;2647;2393
MG;São Pedro do Suaçuí;5570;2746;2824
MG;São Pedro dos Ferros;8356;4127;4229
MG;São Romão;10276;5239;5037
MG;São Roque de Minas;6686;3483;3203
MG;São Sebastião da Bela Vista;4948;2579;2369
MG;São Sebastião da Vargem Alegre;2798;1459;1339
MG;São Sebastião do Anta;5739;2923;2816
MG;São Sebastião do Maranhão;10647;5371;5276
MG;São Sebastião do Oeste;5805;3030;2775
MG;São Sebastião do Paraíso;64980;32182;32798
MG;São Sebastião do Rio Preto;1613;772;841
MG;São Sebastião do Rio Verde;2110;1048;1062
MG;São Thomé das Letras;6655;3539;3116
MG;São Tiago;10561;5300;5261
MG;São Tomás de Aquino;7093;3558;3535
MG;São Vicente de Minas;7008;3394;3614
MG;Sapucaí-Mirim;6241;3204;3037
MG;Sardoá;5594;2814;2780
MG;Sarzedo;25814;12871;12943
MG;Sem-Peixe;2847;1404;1443
MG;Senador Amaral;5219;2776;2443
MG;Senador Cortes;1988;985;1003
MG;Senador Firmino;7230;3653;3577
MG;Senador José Bento;1868;1004;864
MG;Senador Modestino Gonçalves;4574;2317;2257
MG;Senhora de Oliveira;5683;2848;2835
MG;Senhora do Porto;3497;1765;1732
MG;Senhora dos Remédios;10196;5152;5044
MG;Sericita;7128;3647;3481
MG;Seritinga;1789;918;871
MG;Serra Azul de Minas;4220;2121;2099
MG;Serra da Saudade;815;430;385
MG;Serra do Salitre;10549;5422;5127
MG;Serra dos Aimorés;8412;4172;4240
MG;Serrania;7542;3803;3739
MG;Serranópolis de Minas;4425;2231;2194
MG;Serranos;1995;999;996
MG;Serro;20835;10374;10461
MG;Sete Lagoas;214152;103991;110161
MG;Setubinha;10885;5350;5535
MG;Silveirânia;2192;1148;1044
MG;Silvianópolis;6027;3128;2899
MG;Simão Pereira;2537;1248;1289
MG;Simonésia;18298;9466;8832
MG;Sobrália;5830;2857;2973
MG;Soledade de Minas;5676;2839;2837
MG;Tabuleiro;4079;2047;2032
MG;Taiobeiras;30917;15117;15800
MG;Taparuba;3137;1616;1521
MG;Tapira;4112;2214;1898
MG;Tapiraí;1873;1002;871
MG;Taquaraçu de Minas;3794;2027;1767
MG;Tarumirim;14293;7102;7191
MG;Teixeiras;11355;5543;5812
MG;Teófilo Otoni;134745;64466;70279
MG;Timóteo;81243;39193;42050
MG;Tiradentes;6961;3440;3521
MG;Tiros;6906;3537;3369
MG;Tocantins;15823;7894;7929
MG;Tocos do Moji;3950;2144;1806
MG;Toledo;5764;3043;2721
MG;Tombos;9537;4783;4754
MG;Três Corações;72765;36103;36662
MG;Três Marias;28318;14074;14244
MG;Três Pontas;53860;26705;27155
MG;Tumiritinga;6293;3198;3095
MG;Tupaciguara;24188;12084;12104
MG;Turmalina;18055;9168;8887
MG;Turvolândia;4658;2409;2249
MG;Ubá;101519;50258;51261
MG;Ubaí;11681;5979;5702
MG;Ubaporanga;12040;6085;5955
MG;Uberaba;295988;144461;151527
MG;Uberlândia;604013;294914;309099
MG;Umburatiba;2705;1399;1306
MG;Unaí;77565;39305;38260
MG;União de Minas;4418;2412;2006
MG;Uruana de Minas;3235;1627;1608
MG;Urucânia;10291;5085;5206
MG;Urucuia;13604;7030;6574
MG;Vargem Alegre;6461;3295;3166
MG;Vargem Bonita;2163;1145;1018
MG;Vargem Grande do Rio Pardo;4733;2428;2305
MG;Varginha;123081;59957;63124
MG;Varjão de Minas;6054;3170;2884
MG;Várzea da Palma;35809;18150;17659
MG;Varzelândia;19116;9765;9351
MG;Vazante;19723;9929;9794
MG;Verdelândia;8346;4274;4072
MG;Veredinha;5549;2891;2658
MG;Veríssimo;3483;1778;1705
MG;Vermelho Novo;4689;2427;2262
MG;Vespasiano;104527;51006;53521
MG;Viçosa;72220;35001;37219
MG;Vieiras;3731;1900;1831
MG;Virgem da Lapa;13619;6763;6856
MG;Virgínia;8623;4308;4315
MG;Virginópolis;10572;5215;5357
MG;Virgolândia;5658;2788;2870
MG;Visconde do Rio Branco;37942;18701;19241
MG;Volta Grande;5070;2477;2593
MG;Wenceslau Braz;2553;1288;1265
ES;Afonso Cláudio;31091;15687;15404
ES;Água Doce do Norte;11771;5960;5811
ES;Águia Branca;9519;4901;4618
ES;Alegre;30768;15287;15481
ES;Alfredo Chaves;13955;7103;6852
ES;Alto Rio Novo;7317;3674;3643
ES;Anchieta;23902;12062;11840
ES;Apiacá;7512;3778;3734
ES;Aracruz;81832;40795;41037
ES;Atilio Vivacqua;9850;4999;4851
ES;Baixo Guandu;29081;14220;14861
ES;Barra de São Francisco;40649;20408;20241
ES;Boa Esperança;14199;7179;7020
ES;Bom Jesus do Norte;9476;4584;4892
ES;Brejetuba;11915;6211;5704
ES;Cachoeiro de Itapemirim;189889;92845;97044
ES;Cariacica;348738;169958;178780
ES;Castelo;34747;17401;17346
ES;Colatina;111788;54291;57497
ES;Conceição da Barra;28449;14161;14288
ES;Conceição do Castelo;11681;5938;5743
ES;Divino de São Lourenço;4516;2350;2166
ES;Domingos Martins;31847;16094;15753
ES;Dores do Rio Preto;6397;3226;3171
ES;Ecoporanga;23212;11566;11646
ES;Fundão;17025;8489;8536
ES;Governador Lindenberg;10869;5674;5195
ES;Guaçuí;27851;13686;14165
ES;Guarapari;105286;51494;53792
ES;Ibatiba;22366;11288;11078
ES;Ibiraçu;11178;5534;5644
ES;Ibitirama;8957;4649;4308
ES;Iconha;12523;6409;6114
ES;Irupi;11723;6030;5693
ES;Itaguaçu;14134;7197;6937
ES;Itapemirim;30988;15535;15453
ES;Itarana;10881;5456;5425
ES;Iúna;27328;13640;13688
ES;Jaguaré;24678;12468;12210
ES;Jerônimo Monteiro;10879;5292;5587
ES;João Neiva;15809;7811;7998
ES;Laranja da Terra;10826;5524;5302
ES;Linhares;141306;70415;70891
ES;Mantenópolis;13612;6805;6807
ES;Marataízes;34140;16876;17264
ES;Marechal Floriano;14262;7260;7002
ES;Marilândia;11107;5572;5535
ES;Mimoso do Sul;25902;13041;12861
ES;Montanha;17849;8974;8875
ES;Mucurici;5655;2871;2784
ES;Muniz Freire;18397;9303;9094
ES;Muqui;14396;7256;7140
ES;Nova Venécia;46031;23111;22920
ES;Pancas;21548;11001;10547
ES;Pedro Canário;23794;11901;11893
ES;Pinheiros;23895;12005;11890
ES;Piúma;18123;8956;9167
ES;Ponto Belo;6979;3493;3486
ES;Presidente Kennedy;10314;5258;5056
ES;Rio Bananal;17530;9079;8451
ES;Rio Novo do Sul;11325;5737;5588
ES;Santa Leopoldina;12240;6425;5815
ES;Santa Maria de Jetibá;34176;17532;16644
ES;Santa Teresa;21823;10915;10908
ES;São Domingos do Norte;8001;4164;3837
ES;São Gabriel da Palha;31859;15905;15954
ES;São José do Calçado;10408;5195;5213
ES;São Mateus;109028;53930;55098
ES;São Roque do Canaã;11273;5688;5585
ES;Serra;409267;201415;207852
ES;Sooretama;23843;12133;11710
ES;Vargem Alta;19130;9827;9303
ES;Venda Nova do Imigrante;20447;10335;10112
ES;Viana;65001;33191;31810
ES;Vila Pavão;8672;4493;4179
ES;Vila Valério;13830;7208;6622
ES;Vila Velha;414586;199146;215440
ES;Vitória;327801;153948;173853
RJ;Angra dos Reis;169511;84666;84845
RJ;Aperibé;10213;5023;5190
RJ;Araruama;112008;54283;57725
RJ;Areal;11423;5661;5762
RJ;Armação dos Búzios;27560;13742;13818
RJ;Arraial do Cabo;27715;13627;14088
RJ;Barra do Piraí;94778;45154;49624
RJ;Barra Mansa;177813;85792;92021
RJ;Belford Roxo;469332;226757;242575
RJ;Bom Jardim;25333;12720;12613
RJ;Bom Jesus do Itabapoana;35411;17196;18215
RJ;Cabo Frio;186227;90831;95396
RJ;Cachoeiras de Macacu;54273;27062;27211
RJ;Cambuci;14827;7407;7420
RJ;Campos dos Goytacazes;463731;223259;240472
RJ;Cantagalo;19830;9831;9999
RJ;Carapebus;13359;6788;6571
RJ;Cardoso Moreira;12600;6270;6330
RJ;Carmo;17434;8600;8834
RJ;Casimiro de Abreu;35347;17423;17924
RJ;Comendador Levy Gasparian;8180;4076;4104
RJ;Conceição de Macabu;21211;10549;10662
RJ;Cordeiro;20430;9781;10649
RJ;Duas Barras;10930;5511;5419
RJ;Duque de Caxias;855048;411074;443974
RJ;Engenheiro Paulo de Frontin;13237;6449;6788
RJ;Guapimirim;51483;25280;26203
RJ;Iguaba Grande;22851;11046;11805
RJ;Itaboraí;218008;106190;111818
RJ;Itaguaí;109091;54409;54682
RJ;Italva;14063;6853;7210
RJ;Itaocara;22899;11192;11707
RJ;Itaperuna;95841;46553;49288
RJ;Itatiaia;28783;14213;14570
RJ;Japeri;95492;48080;47412
RJ;Laje do Muriaé;7487;3751;3736
RJ;Macaé;206728;102432;104296
RJ;Macuco;5269;2528;2741
RJ;Magé;227322;110576;116746
RJ;Mangaratiba;36456;17962;18494
RJ;Maricá;127461;62649;64812
RJ;Mendes;17935;8651;9284
RJ;Mesquita;168376;79790;88586
RJ;Miguel Pereira;24642;11719;12923
RJ;Miracema;26843;13026;13817
RJ;Natividade;15082;7445;7637
RJ;Nilópolis;157425;73674;83751
RJ;Niterói;487562;225838;261724
RJ;Nova Friburgo;182082;87254;94828
RJ;Nova Iguaçu;796257;381750;414507
RJ;Paracambi;47124;23793;23331
RJ;Paraíba do Sul;41084;19751;21333
RJ;Paraty;37533;18964;18569
RJ;Paty do Alferes;26359;12817;13542
RJ;Petrópolis;295917;140996;154921
RJ;Pinheiral;22719;11034;11685
RJ;Piraí;26314;12917;13397
RJ;Porciúncula;17760;8874;8886
RJ;Porto Real;16592;8242;8350
RJ;Quatis;12793;6238;6555
RJ;Queimados;137962;66585;71377
RJ;Quissamã;20242;10043;10199
RJ;Resende;119769;58268;61501
RJ;Rio Bonito;55551;27318;28233
RJ;Rio Claro;17425;8769;8656
RJ;Rio das Flores;8561;4211;4350
RJ;Rio das Ostras;105676;52207;53469
RJ;Rio de Janeiro;6320446;2959817;3360629
RJ;Santa Maria Madalena;10321;5275;5046
RJ;Santo Antônio de Pádua;40589;19961;20628
RJ;São Fidélis;37543;18394;19149
RJ;São Francisco de Itabapoana;41354;20808;20546
RJ;São Gonçalo;999728;475264;524464
RJ;São João da Barra;32747;16229;16518
RJ;São João de Meriti;458673;218104;240569
RJ;São José de Ubá;7003;3498;3505
RJ;São José do Vale do Rio Preto;20251;10145;10106
RJ;São Pedro da Aldeia;87875;43431;44444
RJ;São Sebastião do Alto;8895;4467;4428
RJ;Sapucaia;17525;8766;8759
RJ;Saquarema;74234;36855;37379
RJ;Seropédica;78186;38433;39753
RJ;Silva Jardim;21349;10808;10541
RJ;Sumidouro;14900;7652;7248
RJ;Tanguá;30732;15289;15443
RJ;Teresópolis;163746;78275;85471
RJ;Trajano de Moraes;10289;5258;5031
RJ;Três Rios;77432;37014;40418
RJ;Valença;71843;34450;37393
RJ;Varre-Sai;9475;4756;4719
RJ;Vassouras;34410;16391;18019
RJ;Volta Redonda;257803;122919;134884
SP;Adamantina;33797;16374;17423
SP;Adolfo;3557;1787;1770
SP;Aguaí;32148;16217;15931
SP;Águas da Prata;7584;3747;3837
SP;Águas de Lindóia;17266;8457;8809
SP;Águas de Santa Bárbara;5601;2779;2822
SP;Águas de São Pedro;2707;1262;1445
SP;Agudos;34524;17076;17448
SP;Alambari;4884;2456;2428
SP;Alfredo Marcondes;3891;1981;1910
SP;Altair;3815;2051;1764
SP;Altinópolis;15607;7808;7799
SP;Alto Alegre;4102;2109;1993
SP;Alumínio;16839;8500;8339
SP;Álvares Florence;3897;1999;1898
SP;Álvares Machado;23513;11640;11873
SP;Álvaro de Carvalho;4650;2959;1691
SP;Alvinlândia;3000;1482;1518
SP;Americana;210638;103174;107464
SP;Américo Brasiliense;34478;17333;17145
SP;Américo de Campos;5706;2862;2844
SP;Amparo;65829;32442;33387
SP;Analândia;4293;2203;2090
SP;Andradina;55334;27190;28144
SP;Angatuba;22210;11245;10965
SP;Anhembi;5653;2909;2744
SP;Anhumas;3738;1863;1875
SP;Aparecida;35007;16898;18109
SP;Aparecida d'Oeste;4450;2177;2273
SP;Apiaí;25191;12577;12614
SP;Araçariguama;17080;8697;8383
SP;Araçatuba;181579;87329;94250
SP;Araçoiaba da Serra;27299;13607;13692
SP;Aramina;5152;2589;2563
SP;Arandu;6123;3088;3035
SP;Arapeí;2493;1255;1238
SP;Araraquara;208662;100655;108007
SP;Araras;118843;58688;60155
SP;Arco-Íris;1925;971;954
SP;Arealva;7841;3997;3844
SP;Areias;3696;1831;1865
SP;Areiópolis;10579;5453;5126
SP;Ariranha;8547;4366;4181
SP;Artur Nogueira;44177;22075;22102
SP;Arujá;74905;36939;37966
SP;Aspásia;1809;907;902
SP;Assis;95144;46317;48827
SP;Atibaia;126603;62211;64392
SP;Auriflama;14202;7102;7100
SP;Avaí;4959;2506;2453
SP;Avanhandava;11310;6249;5061
SP;Avaré;82934;41136;41798
SP;Bady Bassitt;14603;7249;7354
SP;Balbinos;3702;3002;700
SP;Bálsamo;8160;3998;4162
SP;Bananal;10223;5051;5172
SP;Barão de Antonina;3116;1591;1525
SP;Barbosa;6593;3323;3270
SP;Bariri;31593;15816;15777
SP;Barra Bonita;35246;17252;17994
SP;Barra do Chapéu;5244;2770;2474
SP;Barra do Turvo;7729;4050;3679
SP;Barretos;112101;54169;57932
SP;Barrinha;28496;14321;14175
SP;Barueri;240749;117051;123698
SP;Bastos;20445;10032;10413
SP;Batatais;56476;27744;28732
SP;Bauru;343937;166649;177288
SP;Bebedouro;75035;36529;38506
SP;Bento de Abreu;2674;1364;1310
SP;Bernardino de Campos;10775;5250;5525
SP;Bertioga;47645;23829;23816
SP;Bilac;7048;3491;3557
SP;Birigui;108728;53075;55653
SP;Biritiba-Mirim;28575;14413;14162
SP;Boa Esperança do Sul;13645;6875;6770
SP;Bocaina;10859;5409;5450
SP;Bofete;9618;4906;4712
SP;Boituva;48314;24313;24001
SP;Bom Jesus dos Perdões;19708;9922;9786
SP;Bom Sucesso de Itararé;3571;1816;1755
SP;Borá;805;422;383
SP;Boracéia;4268;2178;2090
SP;Borborema;14529;7350;7179
SP;Borebi;2293;1143;1150
SP;Botucatu;127328;61761;65567
SP;Bragança Paulista;146744;72081;74663
SP;Braúna;5021;2552;2469
SP;Brejo Alegre;2573;1330;1243
SP;Brodowski;21107;10465;10642
SP;Brotas;21580;10711;10869
SP;Buri;18563;9501;9062
SP;Buritama;15418;7732;7686
SP;Buritizal;4053;2073;1980
SP;Cabrália Paulista;4365;2220;2145
SP;Cabreúva;41604;21080;20524
SP;Caçapava;84752;41996;42756
SP;Cachoeira Paulista;30091;14749;15342
SP;Caconde;18538;9285;9253
SP;Cafelândia;16607;8174;8433
SP;Caiabu;4072;2091;1981
SP;Caieiras;86529;42298;44231
SP;Caiuá;5039;2652;2387
SP;Cajamar;64114;31997;32117
SP;Cajati;28372;14328;14044
SP;Cajobi;9768;5025;4743
SP;Cajuru;23371;11699;11672
SP;Campina do Monte Alegre;5567;2853;2714
SP;Campinas;1080113;520865;559248
SP;Campo Limpo Paulista;74074;36392;37682
SP;Campos do Jordão;47789;23393;24396
SP;Campos Novos Paulista;4539;2339;2200
SP;Cananéia;12226;6134;6092
SP;Canas;4385;2223;2162
SP;Cândido Mota;29884;14658;15226
SP;Cândido Rodrigues;2668;1315;1353
SP;Canitar;4369;2216;2153
SP;Capão Bonito;46178;23021;23157
SP;Capela do Alto;17532;9038;8494
SP;Capivari;48576;24353;24223
SP;Caraguatatuba;100840;49959;50881
SP;Carapicuíba;369584;179284;190300
SP;Cardoso;11805;5830;5975
SP;Casa Branca;28307;14997;13310
SP;Cássia dos Coqueiros;2634;1347;1287
SP;Castilho;18003;8975;9028
SP;Catanduva;112820;54776;58044
SP;Catiguá;7127;3632;3495
SP;Cedral;7972;3977;3995
SP;Cerqueira César;17532;8673;8859
SP;Cerquilho;39617;19635;19982
SP;Cesário Lange;15540;8063;7477
SP;Charqueada;15085;7686;7399
SP;Chavantes;12114;6028;6086
SP;Clementina;7065;3661;3404
SP;Colina;17371;8626;8745
SP;Colômbia;5994;3066;2928
SP;Conchal;25229;12757;12472
SP;Conchas;16288;8191;8097
SP;Cordeirópolis;21080;10600;10480
SP;Coroados;5238;2610;2628
SP;Coronel Macedo;5001;2565;2436
SP;Corumbataí;3874;1974;1900
SP;Cosmópolis;58827;29410;29417
SP;Cosmorama;7214;3652;3562
SP;Cotia;201150;98455;102695
SP;Cravinhos;31691;15889;15802
SP;Cristais Paulista;7588;3874;3714
SP;Cruzália;2274;1110;1164
SP;Cruzeiro;77039;37505;39534
SP;Cubatão;118720;59229;59491
SP;Cunha;21866;11164;10702
SP;Descalvado;31056;15329;15727
SP;Diadema;386089;186803;199286
SP;Dirce Reis;1689;875;814
SP;Divinolândia;11208;5587;5621
SP;Dobrada;7939;4116;3823
SP;Dois Córregos;24761;12417;12344
SP;Dolcinópolis;2096;1091;1005
SP;Dourado;8609;4364;4245
SP;Dracena;43258;21405;21853
SP;Duartina;12251;5970;6281
SP;Dumont;8143;4096;4047
SP;Echaporã;6318;3115;3203
SP;Eldorado;14641;7478;7163
SP;Elias Fausto;15775;8168;7607
SP;Elisiário;3120;1650;1470
SP;Embaúba;2423;1259;1164
SP;Embu;240230;116728;123502
SP;Embu-Guaçu;62769;31186;31583
SP;Emilianópolis;3020;1517;1503
SP;Engenheiro Coelho;15721;8233;7488
SP;Espírito Santo do Pinhal;41907;20507;21400
SP;Espírito Santo do Turvo;4244;2145;2099
SP;Estiva Gerbi;10044;5074;4970
SP;Estrela do Norte;2658;1370;1288
SP;Estrela d'Oeste;8208;4133;4075
SP;Euclides da Cunha Paulista;9585;4832;4753
SP;Fartura;15320;7426;7894
SP;Fernando Prestes;5534;2726;2808
SP;Fernandópolis;64696;31518;33178
SP;Fernão;1563;794;769
SP;Ferraz de Vasconcelos;168306;82143;86163
SP;Flora Rica;1752;880;872
SP;Floreal;3003;1496;1507
SP;Flórida Paulista;12848;7055;5793
SP;Florínia;2829;1383;1446
SP;Franca;318640;155464;163176
SP;Francisco Morato;154472;76636;77836
SP;Franco da Rocha;131604;67462;64142
SP;Gabriel Monteiro;2708;1375;1333
SP;Gália;7011;3506;3505
SP;Garça;43115;20970;22145
SP;Gastão Vidigal;4193;2298;1895
SP;Gavião Peixoto;4419;2284;2135
SP;General Salgado;10669;5352;5317
SP;Getulina;10765;5861;4904
SP;Glicério;4565;2289;2276
SP;Guaiçara;10670;5367;5303
SP;Guaimbê;5425;2697;2728
SP;Guaíra;37404;18520;18884
SP;Guapiaçu;17869;9029;8840
SP;Guapiara;17998;9153;8845
SP;Guará;19858;9884;9974
SP;Guaraçaí;8435;4195;4240
SP;Guaraci;9976;5084;4892
SP;Guarani d'Oeste;1970;963;1007
SP;Guarantã;6404;3218;3186
SP;Guararapes;30597;15091;15506
SP;Guararema;25844;12998;12846
SP;Guaratinguetá;112072;53946;58126
SP;Guareí;14565;8927;5638
SP;Guariba;35486;17912;17574
SP;Guarujá;290752;141711;149041
SP;Guarulhos;1221979;595043;626936
SP;Guatapará;6966;3579;3387
SP;Guzolândia;4754;2436;2318
SP;Herculândia;8696;4351;4345
SP;Holambra;11299;5725;5574
SP;Hortolândia;192692;97439;95253
SP;Iacanga;10013;5164;4849
SP;Iacri;6419;3249;3170
SP;Iaras;6376;4196;2180
SP;Ibaté;30734;15814;14920
SP;Ibirá;10896;5414;5482
SP;Ibirarema;6725;3395;3330
SP;Ibitinga;53158;26212;26946
SP;Ibiúna;71217;36216;35001
SP;Icém;7462;3795;3667
SP;Iepê;7628;3779;3849
SP;Igaraçu do Tietê;23362;11653;11709
SP;Igarapava;27952;13842;14110
SP;Igaratá;8831;4522;4309
SP;Iguape;28841;14462;14379
SP;Ilha Comprida;9025;4475;4550
SP;Ilha Solteira;25064;12199;12865
SP;Ilhabela;28196;14329;13867
SP;Indaiatuba;201619;100178;101441
SP;Indiana;4825;2423;2402
SP;Indiaporã;3903;1920;1983
SP;Inúbia Paulista;3630;1821;1809
SP;Ipaussu;13663;6893;6770
SP;Iperó;28300;15209;13091
SP;Ipeúna;6016;3110;2906
SP;Ipiguá;4463;2267;2196
SP;Iporanga;4299;2171;2128
SP;Ipuã;14148;7210;6938
SP;Iracemápolis;20029;10046;9983
SP;Irapuã;7275;3803;3472
SP;Irapuru;7789;4532;3257
SP;Itaberá;17858;9016;8842
SP;Itaí;24008;12761;11247
SP;Itajobi;14556;7349;7207
SP;Itaju;3246;1705;1541
SP;Itanhaém;87057;42192;44865
SP;Itaóca;3228;1687;1541
SP;Itapecerica da Serra;152614;76270;76344
SP;Itapetininga;144377;72167;72210
SP;Itapeva;87753;43243;44510
SP;Itapevi;200769;98746;102023
SP;Itapira;68537;33950;34587
SP;Itapirapuã Paulista;3880;2002;1878
SP;Itápolis;40051;19867;20184
SP;Itaporanga;14549;7280;7269
SP;Itapuí;12173;6150;6023
SP;Itapura;4357;2257;2100
SP;Itaquaquecetuba;321770;158542;163228
SP;Itararé;47934;23523;24411
SP;Itariri;15471;7794;7677
SP;Itatiba;101471;50147;51324
SP;Itatinga;18052;9230;8822
SP;Itirapina;15524;9154;6370
SP;Itirapuã;5914;3013;2901
SP;Itobi;7546;3908;3638
SP;Itu;154147;76219;77928
SP;Itupeva;44859;22793;22066
SP;Ituverava;38695;18874;19821
SP;Jaborandi;6592;3338;3254
SP;Jaboticabal;71662;34794;36868
SP;Jacareí;211214;103092;108122
SP;Jaci;5657;2892;2765
SP;Jacupiranga;17208;8777;8431
SP;Jaguariúna;44311;22004;22307
SP;Jales;47012;22986;24026
SP;Jambeiro;5349;2769;2580
SP;Jandira;108344;53063;55281
SP;Jardinópolis;37661;18949;18712
SP;Jarinu;23847;12005;11842
SP;Jaú;131040;64214;66826
SP;Jeriquara;3160;1622;1538
SP;Joanópolis;11768;5927;5841
SP;João Ramalho;4150;2098;2052
SP;José Bonifácio;32763;16351;16412
SP;Júlio Mesquita;4430;2179;2251
SP;Jumirim;2798;1444;1354
SP;Jundiaí;370126;180049;190077
SP;Junqueirópolis;18726;9921;8805
SP;Juquiá;19246;9740;9506
SP;Juquitiba;28737;14543;14194
SP;Lagoinha;4841;2479;2362
SP;Laranjal Paulista;25251;12465;12786
SP;Lavínia;8779;6183;2596
SP;Lavrinhas;6590;3320;3270
SP;Leme;91756;46030;45726
SP;Lençóis Paulista;61428;30498;30930
SP;Limeira;276022;135628;140394
SP;Lindóia;6712;3326;3386
SP;Lins;71432;34681;36751
SP;Lorena;82537;39858;42679
SP;Lourdes;2128;1107;1021
SP;Louveira;37125;18801;18324
SP;Lucélia;19882;10559;9323
SP;Lucianópolis;2249;1118;1131
SP;Luís Antônio;11286;5832;5454
SP;Luiziânia;5030;2612;2418
SP;Lupércio;4353;2121;2232
SP;Lutécia;2714;1354;1360
SP;Macatuba;16259;8152;8107
SP;Macaubal;7663;3880;3783
SP;Macedônia;3664;1837;1827
SP;Magda;3200;1651;1549
SP;Mairinque;43223;21538;21685
SP;Mairiporã;80956;40975;39981
SP;Manduri;8992;4519;4473
SP;Marabá Paulista;4812;3048;1764
SP;Maracaí;13332;6663;6669
SP;Marapoama;2633;1349;1284
SP;Mariápolis;3916;2021;1895
SP;Marília;216745;104726;112019
SP;Marinópolis;2113;1063;1050
SP;Martinópolis;24219;12601;11618
SP;Matão;76786;38033;38753
SP;Mauá;417064;204093;212971
SP;Mendonça;4640;2357;2283
SP;Meridiano;3855;1892;1963
SP;Mesópolis;1886;957;929
SP;Miguelópolis;20451;10204;10247
SP;Mineiros do Tietê;12038;5992;6046
SP;Mira Estrela;2820;1401;1419
SP;Miracatu;20592;10412;10180
SP;Mirandópolis;27483;15055;12428
SP;Mirante do Paranapanema;17059;8663;8396
SP;Mirassol;53792;26402;27390
SP;Mirassolândia;4295;2193;2102
SP;Mococa;66290;33059;33231
SP;Mogi das Cruzes;387779;188857;198922
SP;Mogi Guaçu;137245;68094;69151
SP;Moji Mirim;86505;42597;43908
SP;Mombuca;3266;1663;1603
SP;Monções;2132;1101;1031
SP;Mongaguá;46293;23098;23195
SP;Monte Alegre do Sul;7152;3581;3571
SP;Monte Alto;46642;22978;23664
SP;Monte Aprazível;21746;10814;10932
SP;Monte Azul Paulista;18931;9491;9440
SP;Monte Castelo;4063;2011;2052
SP;Monte Mor;48949;24472;24477
SP;Monteiro Lobato;4120;2150;1970
SP;Morro Agudo;29116;14879;14237
SP;Morungaba;11769;5895;5874
SP;Motuca;4290;2162;2128
SP;Murutinga do Sul;4186;2097;2089
SP;Nantes;2707;1357;1350
SP;Narandiba;4288;2170;2118
SP;Natividade da Serra;6678;3486;3192
SP;Nazaré Paulista;16414;8454;7960
SP;Neves Paulista;8772;4363;4409
SP;Nhandeara;10725;5281;5444
SP;Nipoã;4274;2262;2012
SP;Nova Aliança;5891;2922;2969
SP;Nova Campina;8515;4345;4170
SP;Nova Canaã Paulista;2114;1076;1038
SP;Nova Castilho;1125;556;569
SP;Nova Europa;9300;4649;4651
SP;Nova Granada;19180;9659;9521
SP;Nova Guataporanga;2177;1102;1075
SP;Nova Independência;3068;1525;1543
SP;Nova Luzitânia;3441;1820;1621
SP;Nova Odessa;51242;25345;25897
SP;Novais;4592;2479;2113
SP;Novo Horizonte;36593;18271;18322
SP;Nuporanga;6817;3410;3407
SP;Ocauçu;4163;2137;2026
SP;Óleo;2673;1344;1329
SP;Olímpia;50024;24685;25339
SP;Onda Verde;3884;1993;1891
SP;Oriente;6097;2985;3112
SP;Orindiúva;5675;2899;2776
SP;Orlândia;39781;19495;20286
SP;Osasco;666740;320436;346304
SP;Oscar Bressane;2537;1217;1320
SP;Osvaldo Cruz;30917;15554;15363
SP;Ourinhos;103035;49981;53054
SP;Ouro Verde;7800;3866;3934
SP;Ouroeste;8405;4190;4215
SP;Pacaembu;13226;7744;5482
SP;Palestina;11051;5595;5456
SP;Palmares Paulista;10934;5861;5073
SP;Palmeira d'Oeste;9584;4805;4779
SP;Palmital;21186;10353;10833
SP;Panorama;14583;7312;7271
SP;Paraguaçu Paulista;42278;21259;21019
SP;Paraibuna;17388;8837;8551
SP;Paraíso;5898;3012;2886
SP;Paranapanema;17808;9062;8746
SP;Paranapuã;3815;1950;1865
SP;Parapuã;10844;5535;5309
SP;Pardinho;5582;2844;2738
SP;Pariquera-Açu;18446;9138;9308
SP;Parisi;2032;1044;988
SP;Patrocínio Paulista;13000;6596;6404
SP;Paulicéia;6339;3290;3049
SP;Paulínia;82146;40668;41478
SP;Paulistânia;1779;919;860
SP;Paulo de Faria;8589;4299;4290
SP;Pederneiras;41497;20861;20636
SP;Pedra Bela;5780;3030;2750
SP;Pedranópolis;2558;1314;1244
SP;Pedregulho;15700;7985;7715
SP;Pedreira;41558;20605;20953
SP;Pedrinhas Paulista;2940;1463;1477
SP;Pedro de Toledo;10204;5156;5048
SP;Penápolis;58510;28568;29942
SP;Pereira Barreto;24962;12270;12692
SP;Pereiras;7454;3786;3668
SP;Peruíbe;59773;29140;30633
SP;Piacatu;5287;2662;2625
SP;Piedade;52143;26578;25565
SP;Pilar do Sul;26406;13415;12991
SP;Pindamonhangaba;146995;72288;74707
SP;Pindorama;15039;7692;7347
SP;Pinhalzinho;13105;6593;6512
SP;Piquerobi;3537;1753;1784
SP;Piquete;14107;6817;7290
SP;Piracaia;25116;12514;12602
SP;Piracicaba;364571;178345;186226
SP;Piraju;28475;13826;14649
SP;Pirajuí;22704;12570;10134
SP;Pirangi;10623;5393;5230
SP;Pirapora do Bom Jesus;15733;7818;7915
SP;Pirapozinho;24694;12082;12612
SP;Pirassununga;70081;34297;35784
SP;Piratininga;12072;5986;6086
SP;Pitangueiras;35307;18009;17298
SP;Planalto;4463;2313;2150
SP;Platina;3192;1660;1532
SP;Poá;106013;51292;54721
SP;Poloni;5395;2671;2724
SP;Pompéia;19964;9793;10171
SP;Pongaí;3481;1793;1688
SP;Pontal;40244;21175;19069
SP;Pontalinda;4074;2160;1914
SP;Pontes Gestal;2518;1256;1262
SP;Populina;4223;2139;2084
SP;Porangaba;8326;4276;4050
SP;Porto Feliz;48893;24535;24358
SP;Porto Ferreira;51400;25502;25898
SP;Potim;19397;10974;8423
SP;Potirendaba;15449;7852;7597
SP;Pracinha;2858;2080;778
SP;Pradópolis;17377;8882;8495
SP;Praia Grande;262051;125926;136125
SP;Pratânia;4599;2379;2220
SP;Presidente Alves;4123;2038;2085
SP;Presidente Bernardes;13570;6683;6887
SP;Presidente Epitácio;41318;20217;21101
SP;Presidente Prudente;207610;99894;107716
SP;Presidente Venceslau;37910;18911;18999
SP;Promissão;35674;17756;17918
SP;Quadra;3236;1707;1529
SP;Quatá;12799;6393;6406
SP;Queiroz;2808;1424;1384
SP;Queluz;11309;5757;5552
SP;Quintana;6004;2969;3035
SP;Rafard;8612;4257;4355
SP;Rancharia;28804;14153;14651
SP;Redenção da Serra;3873;2017;1856
SP;Regente Feijó;18494;9188;9306
SP;Reginópolis;7323;4681;2642
SP;Registro;54261;26656;27605
SP;Restinga;6587;3296;3291
SP;Ribeira;3358;1743;1615
SP;Ribeirão Bonito;12135;6104;6031
SP;Ribeirão Branco;18269;9396;8873
SP;Ribeirão Corrente;4273;2218;2055
SP;Ribeirão do Sul;4446;2231;2215
SP;Ribeirão dos Índios;2187;1089;1098
SP;Ribeirão Grande;7422;3795;3627
SP;Ribeirão Pires;113068;55318;57750
SP;Ribeirão Preto;604682;290171;314511
SP;Rifaina;3436;1724;1712
SP;Rincão;10414;5244;5170
SP;Rinópolis;9935;5051;4884
SP;Rio Claro;186253;90687;95566
SP;Rio das Pedras;29501;14914;14587
SP;Rio Grande da Serra;43974;21804;22170
SP;Riolândia;10575;6022;4553
SP;Riversul;6163;3047;3116
SP;Rosana;19691;9780;9911
SP;Roseira;9599;4842;4757
SP;Rubiácea;2729;1392;1337
SP;Rubinéia;2862;1415;1447
SP;Sabino;5217;2623;2594
SP;Sagres;2395;1191;1204
SP;Sales;5451;2789;2662
SP;Sales Oliveira;10568;5241;5327
SP;Salesópolis;15635;7906;7729
SP;Salmourão;4818;2477;2341
SP;Saltinho;7059;3519;3540
SP;Salto;105516;52132;53384
SP;Salto de Pirapora;40132;19949;20183
SP;Salto Grande;8787;4353;4434
SP;Sandovalina;3699;1885;1814
SP;Santa Adélia;14333;7164;7169
SP;Santa Albertina;5723;2905;2818
SP;Santa Bárbara d'Oeste;180009;89222;90787
SP;Santa Branca;13763;6875;6888
SP;Santa Clara d'Oeste;2084;1073;1011
SP;Santa Cruz da Conceição;4002;1980;2022
SP;Santa Cruz da Esperança;1953;966;987
SP;Santa Cruz das Palmeiras;29932;15222;14710
SP;Santa Cruz do Rio Pardo;43921;21512;22409
SP;Santa Ernestina;5568;2852;2716
SP;Santa Fé do Sul;29239;14084;15155
SP;Santa Gertrudes;21634;10954;10680
SP;Santa Isabel;50453;25248;25205
SP;Santa Lúcia;8248;4130;4118
SP;Santa Maria da Serra;5413;2746;2667
SP;Santa Mercedes;2831;1423;1408
SP;Santa Rita do Passa Quatro;26478;12813;13665
SP;Santa Rita d'Oeste;2543;1264;1279
SP;Santa Rosa de Viterbo;23862;11781;12081
SP;Santa Salete;1447;743;704
SP;Santana da Ponte Pensa;1641;841;800
SP;Santana de Parnaíba;108813;53671;55142
SP;Santo Anastácio;20475;9982;10493
SP;Santo André;676407;324458;351949
SP;Santo Antônio da Alegria;6304;3260;3044
SP;Santo Antônio de Posse;20650;10412;10238
SP;Santo Antônio do Aracanguá;7626;3879;3747
SP;Santo Antônio do Jardim;5943;3045;2898
SP;Santo Antônio do Pinhal;6486;3269;3217
SP;Santo Expedito;2803;1403;1400
SP;Santópolis do Aguapeí;4277;2167;2110
SP;Santos;419400;191912;227488
SP;São Bento do Sapucaí;10468;5271;5197
SP;São Bernardo do Campo;765463;369626;395837
SP;São Caetano do Sul;149263;68853;80410
SP;São Carlos;221950;108914;113036
SP;São Francisco;2793;1400;1393
SP;São João da Boa Vista;83639;40546;43093
SP;São João das Duas Pontes;2566;1290;1276
SP;São João de Iracema;1780;898;882
SP;São João do Pau d'Alho;2103;1057;1046
SP;São Joaquim da Barra;46512;22792;23720
SP;São José da Bela Vista;8406;4312;4094
SP;São José do Barreiro;4077;2047;2030
SP;São José do Rio Pardo;51900;25547;26353
SP;São José do Rio Preto;408258;196016;212242
SP;São José dos Campos;629921;308624;321297
SP;São Lourenço da Serra;13973;7087;6886
SP;São Luís do Paraitinga;10397;5318;5079
SP;São Manuel;38342;18766;19576
SP;São Miguel Arcanjo;31450;15995;15455
SP;São Paulo;11253503;5328632;5924871
SP;São Pedro;31662;15423;16239
SP;São Pedro do Turvo;7198;3670;3528
SP;São Roque;78821;38762;40059
SP;São Sebastião;73942;36886;37056
SP;São Sebastião da Grama;12099;6166;5933
SP;São Simão;14346;7061;7285
SP;São Vicente;332445;159664;172781
SP;Sarapuí;9027;4594;4433
SP;Sarutaiá;3622;1819;1803
SP;Sebastianópolis do Sul;3031;1525;1506
SP;Serra Azul;11256;6873;4383
SP;Serra Negra;26387;12866;13521
SP;Serrana;38878;19486;19392
SP;Sertãozinho;110074;54701;55373
SP;Sete Barras;13005;6681;6324
SP;Severínia;15501;8045;7456
SP;Silveiras;5792;2936;2856
SP;Socorro;36686;18205;18481
SP;Sorocaba;586625;287014;299611
SP;Sud Mennucci;7435;3742;3693
SP;Sumaré;241311;119863;121448
SP;Suzanápolis;3383;1748;1635
SP;Suzano;262480;128694;133786
SP;Tabapuã;11363;5745;5618
SP;Tabatinga;14686;7565;7121
SP;Taboão da Serra;244528;116895;127633
SP;Taciba;5714;2861;2853
SP;Taguaí;10828;5385;5443
SP;Taiaçu;5894;2972;2922
SP;Taiúva;5447;2696;2751
SP;Tambaú;22406;11173;11233
SP;Tanabi;24055;12042;12013
SP;Tapiraí;8012;4043;3969
SP;Tapiratiba;12737;6331;6406
SP;Taquaral;2726;1373;1353
SP;Taquaritinga;53988;26662;27326
SP;Taquarituba;22291;11092;11199
SP;Taquarivaí;5151;2578;2573
SP;Tarabai;6607;3293;3314
SP;Tarumã;12885;6583;6302
SP;Tatuí;107326;53034;54292
SP;Taubaté;278686;136752;141934
SP;Tejupá;4809;2467;2342
SP;Teodoro Sampaio;21386;10665;10721
SP;Terra Roxa;8505;4306;4199
SP;Tietê;36835;18249;18586
SP;Timburi;2646;1364;1282
SP;Torre de Pedra;2254;1188;1066
SP;Torrinha;9330;4707;4623
SP;Trabiju;1544;770;774
SP;Tremembé;40984;21663;19321
SP;Três Fronteiras;5427;2718;2709
SP;Tuiuti;5930;3022;2908
SP;Tupã;63476;30734;32742
SP;Tupi Paulista;14269;7580;6689
SP;Turiúba;1930;997;933
SP;Turmalina;1978;982;996
SP;Ubarana;5289;2715;2574
SP;Ubatuba;78801;39176;39625
SP;Ubirajara;4427;2284;2143
SP;Uchoa;9471;4707;4764
SP;União Paulista;1599;829;770
SP;Urânia;8836;4395;4441
SP;Uru;1251;641;610
SP;Urupês;12714;6321;6393
SP;Valentim Gentil;11036;5548;5488
SP;Valinhos;106793;52676;54117
SP;Valparaíso;22576;12413;10163
SP;Vargem;8801;4519;4282
SP;Vargem Grande do Sul;39266;19488;19778
SP;Vargem Grande Paulista;42997;21342;21655
SP;Várzea Paulista;107089;53415;53674
SP;Vera Cruz;10769;5298;5471
SP;Vinhedo;63611;31483;32128
SP;Viradouro;17297;8714;8583
SP;Vista Alegre do Alto;6886;3544;3342
SP;Vitória Brasil;1737;891;846
SP;Votorantim;108809;54013;54796
SP;Votuporanga;84692;41315;43377
SP;Zacarias;2335;1173;1162
PR;Abatiá;7764;3916;3848
PR;Adrianópolis;6376;3298;3078
PR;Agudos do Sul;8270;4306;3964
PR;Almirante Tamandaré;103204;51136;52068
PR;Altamira do Paraná;4306;2202;2104
PR;Alto Paraíso;3206;1619;1587
PR;Alto Paraná;13663;6842;6821
PR;Alto Piquiri;10179;5129;5050
PR;Altônia;20516;10157;10359
PR;Alvorada do Sul;10283;5205;5078
PR;Amaporã;5443;2757;2686
PR;Ampére;17308;8586;8722
PR;Anahy;2874;1439;1435
PR;Andirá;20610;10041;10569
PR;Ângulo;2859;1457;1402
PR;Antonina;18891;9349;9542
PR;Antônio Olinto;7351;3857;3494
PR;Apucarana;120919;58682;62237
PR;Arapongas;104150;51039;53111
PR;Arapoti;25855;12949;12906
PR;Arapuã;3561;1764;1797
PR;Araruna;13419;6824;6595
PR;Araucária;119123;59606;59517
PR;Ariranha do Ivaí;2453;1229;1224
PR;Assaí;16354;8012;8342
PR;Assis Chateaubriand;33025;16178;16847
PR;Astorga;24698;12142;12556
PR;Atalaia;3913;1970;1943
PR;Balsa Nova;11300;5721;5579
PR;Bandeirantes;32184;15551;16633
PR;Barbosa Ferraz;12656;6351;6305
PR;Barra do Jacaré;2727;1385;1342
PR;Barracão;9735;4794;4941
PR;Bela Vista da Caroba;3945;2018;1927
PR;Bela Vista do Paraíso;15079;7317;7762
PR;Bituruna;15880;8150;7730
PR;Boa Esperança;4568;2280;2288
PR;Boa Esperança do Iguaçu;2764;1402;1362
PR;Boa Ventura de São Roque;6554;3346;3208
PR;Boa Vista da Aparecida;7911;3994;3917
PR;Bocaiúva do Sul;10987;5552;5435
PR;Bom Jesus do Sul;3796;1969;1827
PR;Bom Sucesso;6561;3227;3334
PR;Bom Sucesso do Sul;3293;1638;1655
PR;Borrazópolis;7878;3933;3945
PR;Braganey;5735;2939;2796
PR;Brasilândia do Sul;3209;1603;1606
PR;Cafeara;2695;1376;1319
PR;Cafelândia;14662;7345;7317
PR;Cafezal do Sul;4290;2170;2120
PR;Califórnia;8069;4051;4018
PR;Cambará;23886;11648;12238
PR;Cambé;96733;47299;49434
PR;Cambira;7236;3679;3557
PR;Campina da Lagoa;15394;7647;7747
PR;Campina do Simão;4076;2136;1940
PR;Campina Grande do Sul;38769;19229;19540
PR;Campo Bonito;4407;2215;2192
PR;Campo do Tenente;7125;3676;3449
PR;Campo Largo;112377;55660;56717
PR;Campo Magro;24843;12507;12336
PR;Campo Mourão;87194;42013;45181
PR;Cândido de Abreu;16655;8543;8112
PR;Candói;14983;7551;7432
PR;Cantagalo;12952;6562;6390
PR;Capanema;18526;9160;9366
PR;Capitão Leônidas Marques;14970;7474;7496
PR;Carambeí;19163;9702;9461
PR;Carlópolis;13706;6925;6781
PR;Cascavel;286205;139771;146434
PR;Castro;67084;33390;33694
PR;Catanduvas;10202;5192;5010
PR;Centenário do Sul;11190;5562;5628
PR;Cerro Azul;16938;8718;8220
PR;Céu Azul;11032;5413;5619
PR;Chopinzinho;19679;9775;9904
PR;Cianorte;69958;34041;35917
PR;Cidade Gaúcha;11062;5531;5531
PR;Clevelândia;17240;8439;8801
PR;Colombo;212967;105010;107957
PR;Colorado;22345;11042;11303
PR;Congonhinhas;8279;4237;4042
PR;Conselheiro Mairinck;3636;1839;1797
PR;Contenda;15891;8095;7796
PR;Corbélia;16312;7973;8339
PR;Cornélio Procópio;46928;22697;24231
PR;Coronel Domingos Soares;7238;3791;3447
PR;Coronel Vivida;21749;10621;11128
PR;Corumbataí do Sul;4002;2030;1972
PR;Cruz Machado;18040;9322;8718
PR;Cruzeiro do Iguaçu;4278;2133;2145
PR;Cruzeiro do Oeste;20416;9988;10428
PR;Cruzeiro do Sul;4563;2310;2253
PR;Cruzmaltina;3162;1635;1527
PR;Curitiba;1751907;835115;916792
PR;Curiúva;13923;7107;6816
PR;Diamante do Norte;5516;2730;2786
PR;Diamante do Sul;3510;1796;1714
PR;Diamante D'Oeste;5027;2570;2457
PR;Dois Vizinhos;36179;17986;18193
PR;Douradina;7445;3770;3675
PR;Doutor Camargo;5828;2868;2960
PR;Doutor Ulysses;5727;2980;2747
PR;Enéas Marques;6103;3134;2969
PR;Engenheiro Beltrão;13906;6926;6980
PR;Entre Rios do Oeste;3926;1959;1967
PR;Esperança Nova;1970;981;989
PR;Espigão Alto do Iguaçu;4677;2386;2291
PR;Farol;3472;1723;1749
PR;Faxinal;16314;8025;8289
PR;Fazenda Rio Grande;81675;40574;41101
PR;Fênix;4802;2398;2404
PR;Fernandes Pinheiro;5932;3039;2893
PR;Figueira;8293;4103;4190
PR;Flor da Serra do Sul;4726;2398;2328
PR;Floraí;5050;2502;2548
PR;Floresta;5931;2953;2978
PR;Florestópolis;11222;5687;5535
PR;Flórida;2543;1289;1254
PR;Formosa do Oeste;7541;3784;3757
PR;Foz do Iguaçu;256088;124218;131870
PR;Foz do Jordão;5420;2685;2735
PR;Francisco Alves;6418;3224;3194
PR;Francisco Beltrão;78943;38958;39985
PR;General Carneiro;13669;6898;6771
PR;Godoy Moreira;3337;1701;1636
PR;Goioerê;29018;14006;15012
PR;Goioxim;7503;3924;3579
PR;Grandes Rios;6625;3385;3240
PR;Guaíra;30704;14932;15772
PR;Guairaçá;6197;3106;3091
PR;Guamiranga;7900;4008;3892
PR;Guapirama;3891;1934;1957
PR;Guaporema;2219;1135;1084
PR;Guaraci;5227;2574;2653
PR;Guaraniaçu;14582;7263;7319
PR;Guarapuava;167328;81797;85531
PR;Guaraqueçaba;7871;4176;3695
PR;Guaratuba;32095;15975;16120
PR;Honório Serpa;5955;3092;2863
PR;Ibaiti;28751;14473;14278
PR;Ibema;6066;3036;3030
PR;Ibiporã;48198;23437;24761
PR;Icaraíma;8839;4458;4381
PR;Iguaraçu;3982;2004;1978
PR;Iguatu;2234;1136;1098
PR;Imbaú;11274;5748;5526
PR;Imbituva;28455;14390;14065
PR;Inácio Martins;10943;5604;5339
PR;Inajá;2988;1528;1460
PR;Indianópolis;4299;2187;2112
PR;Ipiranga;14150;7328;6822
PR;Iporã;14981;7393;7588
PR;Iracema do Oeste;2578;1320;1258
PR;Irati;56207;27708;28499
PR;Iretama;10622;5433;5189
PR;Itaguajé;4568;2296;2272
PR;Itaipulândia;9026;4549;4477
PR;Itambaracá;6759;3390;3369
PR;Itambé;5979;2946;3033
PR;Itapejara d'Oeste;10531;5262;5269
PR;Itaperuçu;23887;11984;11903
PR;Itaúna do Sul;3583;1822;1761
PR;Ivaí;12815;6684;6131
PR;Ivaiporã;31816;15420;16396
PR;Ivaté;7514;3808;3706
PR;Ivatuba;3010;1436;1574
PR;Jaboti;4902;2488;2414
PR;Jacarezinho;39121;19136;19985
PR;Jaguapitã;12225;6109;6116
PR;Jaguariaíva;32606;16092;16514
PR;Jandaia do Sul;20269;9880;10389
PR;Janiópolis;6532;3273;3259
PR;Japira;4903;2539;2364
PR;Japurá;8549;4324;4225
PR;Jardim Alegre;12324;6269;6055
PR;Jardim Olinda;1409;699;710
PR;Jataizinho;11875;5873;6002
PR;Jesuítas;9001;4469;4532
PR;Joaquim Távora;10736;5321;5415
PR;Jundiaí do Sul;3433;1738;1695
PR;Juranda;7641;3815;3826
PR;Jussara;6610;3260;3350
PR;Kaloré;4506;2288;2218
PR;Lapa;44932;22646;22286
PR;Laranjal;6360;3236;3124
PR;Laranjeiras do Sul;30777;14992;15785
PR;Leópolis;4145;2054;2091
PR;Lidianópolis;3973;1962;2011
PR;Lindoeste;5361;2792;2569
PR;Loanda;21201;10447;10754
PR;Lobato;4401;2234;2167
PR;Londrina;506701;243059;263642
PR;Luiziana;7315;3736;3579
PR;Lunardelli;5160;2559;2601
PR;Lupionópolis;4592;2261;2331
PR;Mallet;12973;6699;6274
PR;Mamborê;13961;6947;7014
PR;Mandaguaçu;19781;9853;9928
PR;Mandaguari;32658;16035;16623
PR;Mandirituba;22220;11315;10905
PR;Manfrinópolis;3127;1680;1447
PR;Mangueirinha;17048;8439;8609
PR;Manoel Ribas;13169;6527;6642
PR;Marechal Cândido Rondon;46819;22833;23986
PR;Maria Helena;5956;2993;2963
PR;Marialva;31959;15795;16164
PR;Marilândia do Sul;8863;4500;4363
PR;Marilena;6858;3533;3325
PR;Mariluz;10224;5113;5111
PR;Maringá;357077;171724;185353
PR;Mariópolis;6268;3116;3152
PR;Maripá;5684;2840;2844
PR;Marmeleiro;13900;6909;6991
PR;Marquinho;4981;2612;2369
PR;Marumbi;4603;2288;2315
PR;Matelândia;16078;7968;8110
PR;Matinhos;29428;14335;15093
PR;Mato Rico;3818;2029;1789
PR;Mauá da Serra;8555;4361;4194
PR;Medianeira;41817;20567;21250
PR;Mercedes;5046;2524;2522
PR;Mirador;2327;1180;1147
PR;Miraselva;1862;923;939
PR;Missal;10474;5269;5205
PR;Moreira Sales;12606;6315;6291
PR;Morretes;15718;7950;7768
PR;Munhoz de Melo;3672;1836;1836
PR;Nossa Senhora das Graças;3836;1952;1884
PR;Nova Aliança do Ivaí;1431;718;713
PR;Nova América da Colina;3478;1769;1709
PR;Nova Aurora;11866;5828;6038
PR;Nova Cantu;7425;3757;3668
PR;Nova Esperança;26615;13019;13596
PR;Nova Esperança do Sudoeste;5098;2657;2441
PR;Nova Fátima;8147;4034;4113
PR;Nova Laranjeiras;11241;5691;5550
PR;Nova Londrina;13067;6425;6642
PR;Nova Olímpia;5503;2691;2812
PR;Nova Prata do Iguaçu;10377;5225;5152
PR;Nova Santa Bárbara;3908;1896;2012
PR;Nova Santa Rosa;7626;3791;3835
PR;Nova Tebas;7398;3814;3584
PR;Novo Itacolomi;2827;1485;1342
PR;Ortigueira;23380;12078;11302
PR;Ourizona;3380;1705;1675
PR;Ouro Verde do Oeste;5692;2867;2825
PR;Paiçandu;35936;17822;18114
PR;Palmas;42888;21183;21705
PR;Palmeira;32123;16046;16077
PR;Palmital;14865;7513;7352
PR;Palotina;28683;13997;14686
PR;Paraíso do Norte;11772;5851;5921
PR;Paranacity;10250;5115;5135
PR;Paranaguá;140469;69306;71163
PR;Paranapoema;2791;1383;1408
PR;Paranavaí;81590;39282;42308
PR;Pato Bragado;4822;2368;2454
PR;Pato Branco;72370;34984;37386
PR;Paula Freitas;5434;2802;2632
PR;Paulo Frontin;6913;3633;3280
PR;Peabiru;13624;6731;6893
PR;Perobal;5653;2825;2828
PR;Pérola;10208;5004;5204
PR;Pérola d'Oeste;6761;3401;3360
PR;Piên;11236;5759;5477
PR;Pinhais;117008;56809;60199
PR;Pinhal de São Bento;2625;1369;1256
PR;Pinhalão;6215;3165;3050
PR;Pinhão;30208;15181;15027
PR;Piraí do Sul;23424;11620;11804
PR;Piraquara;93207;48194;45013
PR;Pitanga;32638;16250;16388
PR;Pitangueiras;2814;1441;1373
PR;Planaltina do Paraná;4095;2070;2025
PR;Planalto;13654;6849;6805
PR;Ponta Grossa;311611;151362;160249
PR;Pontal do Paraná;20920;10357;10563
PR;Porecatu;14189;7036;7153
PR;Porto Amazonas;4514;2256;2258
PR;Porto Barreiro;3663;1915;1748
PR;Porto Rico;2530;1284;1246
PR;Porto Vitória;4020;2061;1959
PR;Prado Ferreira;3434;1740;1694
PR;Pranchita;5628;2816;2812
PR;Presidente Castelo Branco;4784;2455;2329
PR;Primeiro de Maio;10832;5401;5431
PR;Prudentópolis;48792;24891;23901
PR;Quarto Centenário;4856;2391;2465
PR;Quatiguá;7045;3453;3592
PR;Quatro Barras;19851;9955;9896
PR;Quatro Pontes;3803;1850;1953
PR;Quedas do Iguaçu;30605;15397;15208
PR;Querência do Norte;11729;5937;5792
PR;Quinta do Sol;5088;2545;2543
PR;Quitandinha;17089;8837;8252
PR;Ramilândia;4134;2124;2010
PR;Rancho Alegre;3955;1953;2002
PR;Rancho Alegre D'Oeste;2847;1414;1433
PR;Realeza;16338;8004;8334
PR;Rebouças;14176;7201;6975
PR;Renascença;6812;3427;3385
PR;Reserva;25172;12926;12246
PR;Reserva do Iguaçu;7307;3747;3560
PR;Ribeirão Claro;10678;5272;5406
PR;Ribeirão do Pinhal;13524;6731;6793
PR;Rio Azul;14093;7340;6753
PR;Rio Bom;3334;1742;1592
PR;Rio Bonito do Iguaçu;13661;7059;6602
PR;Rio Branco do Ivaí;3898;1962;1936
PR;Rio Branco do Sul;30650;15546;15104
PR;Rio Negro;31274;15570;15704
PR;Rolândia;57862;28459;29403
PR;Roncador;11537;5823;5714
PR;Rondon;8996;4564;4432
PR;Rosário do Ivaí;5588;2831;2757
PR;Sabáudia;6096;3051;3045
PR;Salgado Filho;4403;2248;2155
PR;Salto do Itararé;5178;2614;2564
PR;Salto do Lontra;13689;6941;6748
PR;Santa Amélia;3803;1906;1897
PR;Santa Cecília do Pavão;3646;1804;1842
PR;Santa Cruz de Monte Castelo;8092;4051;4041
PR;Santa Fé;10432;5118;5314
PR;Santa Helena;23413;11506;11907
PR;Santa Inês;1818;927;891
PR;Santa Isabel do Ivaí;8760;4387;4373
PR;Santa Izabel do Oeste;13132;6628;6504
PR;Santa Lúcia;3925;1959;1966
PR;Santa Maria do Oeste;11500;5913;5587
PR;Santa Mariana;12435;6171;6264
PR;Santa Mônica;3571;1843;1728
PR;Santa Tereza do Oeste;10332;5248;5084
PR;Santa Terezinha de Itaipu;20841;10197;10644
PR;Santana do Itararé;5249;2643;2606
PR;Santo Antônio da Platina;42707;21003;21704
PR;Santo Antônio do Caiuá;2727;1346;1381
PR;Santo Antônio do Paraíso;2408;1200;1208
PR;Santo Antônio do Sudoeste;18893;9265;9628
PR;Santo Inácio;5269;2663;2606
PR;São Carlos do Ivaí;6354;3254;3100
PR;São Jerônimo da Serra;11337;5846;5491
PR;São João;10599;5240;5359
PR;São João do Caiuá;5911;2925;2986
PR;São João do Ivaí;11525;5678;5847
PR;São João do Triunfo;13704;7208;6496
PR;São Jorge do Ivaí;5517;2724;2793
PR;São Jorge do Patrocínio;6041;3068;2973
PR;São Jorge d'Oeste;9085;4546;4539
PR;São José da Boa Vista;6511;3363;3148
PR;São José das Palmeiras;3830;1926;1904
PR;São José dos Pinhais;264210;130597;133613
PR;São Manoel do Paraná;2098;1054;1044
PR;São Mateus do Sul;41257;20781;20476
PR;São Miguel do Iguaçu;25769;12857;12912
PR;São Pedro do Iguaçu;6491;3292;3199
PR;São Pedro do Ivaí;10167;5115;5052
PR;São Pedro do Paraná;2491;1261;1230
PR;São Sebastião da Amoreira;8626;4256;4370
PR;São Tomé;5349;2696;2653
PR;Sapopema;6736;3507;3229
PR;Sarandi;82847;40830;42017
PR;Saudade do Iguaçu;5028;2537;2491
PR;Sengés;18414;9463;8951
PR;Serranópolis do Iguaçu;4568;2229;2339
PR;Sertaneja;5817;2896;2921
PR;Sertanópolis;15638;7748;7890
PR;Siqueira Campos;18454;9206;9248
PR;Sulina;3394;1713;1681
PR;Tamarana;12262;6276;5986
PR;Tamboara;4664;2309;2355
PR;Tapejara;14598;7305;7293
PR;Tapira;5836;2918;2918
PR;Teixeira Soares;10283;5332;4951
PR;Telêmaco Borba;69872;34386;35486
PR;Terra Boa;15776;7822;7954
PR;Terra Rica;15221;7609;7612
PR;Terra Roxa;16759;8295;8464
PR;Tibagi;19344;9804;9540
PR;Tijucas do Sul;14537;7546;6991
PR;Toledo;119313;58337;60976
PR;Tomazina;8791;4530;4261
PR;Três Barras do Paraná;11824;5994;5830
PR;Tunas do Paraná;6256;3271;2985
PR;Tuneiras do Oeste;8695;4441;4254
PR;Tupãssi;7997;4051;3946
PR;Turvo;13811;6980;6831
PR;Ubiratã;21558;10504;11054
PR;Umuarama;100676;48788;51888
PR;União da Vitória;52735;25818;26917
PR;Uniflor;2466;1232;1234
PR;Uraí;11472;5681;5791
PR;Ventania;9957;5144;4813
PR;Vera Cruz do Oeste;8973;4411;4562
PR;Verê;7878;3938;3940
PR;Virmond;3950;1999;1951
PR;Vitorino;6513;3230;3283
PR;Wenceslau Braz;19298;9511;9787
PR;Xambrê;6012;2998;3014
SC;Joinville;515288;255756;259532
SC;Florianópolis;421240;203047;218193
SC;Blumenau;309011;151542;157469
SC;São José;209804;101392;108412
SC;Criciúma;192308;94607;97701
SC;Chapecó;183530;90626;92904
SC;Itajaí;183373;90111;93262
SC;Lages;156727;75952;80775
SC;Jaraguá do Sul;143123;71801;71322
SC;Palhoça;137334;68436;68898
SC;Balneário Camboriú;108089;51393;56696
SC;Brusque;105503;52400;53103
SC;Tubarão;97235;47114;50121
SC;São Bento do Sul;74801;37239;37562
SC;Caçador;70762;35040;35722
SC;Concórdia;68621;33771;34850
SC;Camboriú;62361;31159;31202
SC;Araranguá;61310;30138;31172
SC;Rio do Sul;61198;29978;31220
SC;Navegantes;60556;30158;30398
SC;Içara;58833;29303;29530
SC;Biguaçu;58206;28665;29541
SC;Gaspar;57981;28678;29303
SC;Indaial;54854;27431;27423
SC;Mafra;52912;26251;26661
SC;Canoinhas;52765;26044;26721
SC;Laguna;51562;25305;26257
SC;Videira;47188;23279;23909
SC;Itapema;45797;22391;23406
SC;Xanxerê;44128;21581;22547
SC;São Francisco do Sul;42520;21182;21338
SC;Imbituba;40170;19805;20365
SC;Rio Negrinho;39846;19977;19869
SC;Curitibanos;37748;18521;19227
SC;Timbó;36774;18244;18530
SC;São Miguel do Oeste;36306;17650;18656
SC;Guaramirim;35172;17840;17332
SC;Fraiburgo;34553;17161;17392
SC;Porto União;33493;16448;17045
SC;Campos Novos;32824;16257;16567
SC;Tijucas;30960;15494;15466
SC;Braço do Norte;29018;14533;14485
SC;Pomerode;27759;13904;13855
SC;Joaçaba;27020;13008;14012
SC;Sombrio;26613;13072;13541
SC;São João Batista;26260;13287;12973
SC;Xaxim;25713;12776;12937
SC;Penha;25141;12538;12603
SC;São Joaquim;24812;12434;12378
SC;Araquari;24810;12648;12162
SC;Forquilhinha;22548;11307;11241
SC;Barra Velha;22386;11103;11283
SC;Ituporanga;22250;11095;11155
SC;Maravilha;22101;10907;11194
SC;São Lourenço do Oeste;21792;10828;10964
SC;Capivari de Baixo;21674;10499;11175
SC;Orleans;21393;10634;10759
SC;Herval d'Oeste;21239;10497;10742
SC;Capinzal;20769;10233;10536
SC;Itaiópolis;20301;10409;9892
SC;Urussanga;20223;9935;10288
SC;Santo Amaro da Imperatriz;19823;9984;9839
SC;Guabiruba;18430;9351;9079
SC;Garopaba;18138;9127;9011
SC;Três Barras;18129;9057;9072
SC;Papanduva;17928;9172;8756
SC;Ibirama;17330;8666;8664
SC;Jaguaruna;17290;8625;8665
SC;Taió;17260;8690;8570
SC;Abelardo Luz;17100;8628;8472
SC;Balneário Piçarras;17078;8521;8557
SC;Seara;16936;8525;8411
SC;Otacílio Costa;16337;8262;8075
SC;Pinhalzinho;16332;8177;8155
SC;Morro da Fumaça;16126;8078;8048
SC;Porto Belo;16083;7998;8085
SC;Palmitos;16020;8018;8002
SC;Santa Cecília;15757;7849;7908
SC;Itapiranga;15409;7858;7551
SC;Schroeder;15316;7801;7515
SC;Cocal do Sul;15159;7523;7636
SC;Presidente Getúlio;14887;7404;7483
SC;Dionísio Cerqueira;14811;7414;7397
SC;Pouso Redondo;14810;7504;7306
SC;Correia Pinto;14785;7376;7409
SC;Itapoá;14763;7447;7316
SC;Garuva;14761;7540;7221
SC;Massaranduba;14674;7449;7225
SC;Lauro Muller;14367;7187;7180
SC;Bombinhas;14293;7194;7099
SC;Corupá;13852;7002;6850
SC;São José do Cedro;13684;6892;6792
SC;Nova Veneza;13309;6719;6590
SC;Governador Celso Ramos;12999;6641;6358
SC;Siderópolis;12998;6480;6518
SC;Ilhota;12355;6227;6128
SC;Nova Trento;12190;6181;6009
SC;Turvo;11854;5850;6004
SC;Lebon Régis;11838;6081;5757
SC;Campo Alegre;11748;5970;5778
SC;Imaruí;11672;5865;5807
SC;Ponte Serrada;11031;5534;5497
SC;São Ludgero;10993;5625;5368
SC;Rodeio;10922;5487;5435
SC;Urubici;10699;5396;5303
SC;Faxinal dos Guedes;10661;5357;5304
SC;Gravatal;10635;5286;5349
SC;Cunha Porã;10613;5258;5355
SC;Jacinto Machado;10609;5262;5347
SC;Canelinha;10603;5372;5231
SC;Guaraciaba;10498;5300;5198
SC;Irineópolis;10448;5346;5102
SC;Luiz Alves;10438;5383;5055
SC;Sangão;10400;5322;5078
SC;Benedito Novo;10336;5280;5056
SC;São Carlos;10291;5171;5120
SC;Rio dos Cedros;10284;5268;5016
SC;Quilombo;10248;5168;5080
SC;Lontras;10244;5126;5118
SC;Mondaí;10231;5422;4809
SC;Coronel Freitas;10213;5189;5024
SC;Apiúna;9600;4866;4734
SC;Balneário Arroio do Silva;9586;4743;4843
SC;Catanduvas;9555;4763;4792
SC;Irani;9531;4850;4681
SC;São Domingos;9491;4780;4711
SC;Alfredo Wagner;9410;4784;4626
SC;Campo Erê;9370;4686;4684
SC;Agrolândia;9323;4699;4624
SC;Monte Carlo;9312;4740;4572
SC;São José do Cerrito;9273;4801;4472
SC;Saudades;9016;4618;4398
SC;Bom Retiro;8942;4513;4429
SC;Santa Terezinha;8767;4700;4067
SC;Tangará;8674;4470;4204
SC;Descanso;8634;4356;4278
SC;Anita Garibaldi;8623;4340;4283
SC;Balneário Barra do Sul;8430;4172;4258
SC;Iporã do Oeste;8409;4258;4151
SC;Monte Castelo;8346;4283;4063
SC;Balneário Gaivota;8234;4092;4142
SC;Santa Rosa do Sul;8054;4050;4004
SC;Palma Sola;7765;3957;3808
SC;Armazém;7753;3924;3829
SC;Campo Belo do Sul;7483;3850;3633
SC;Major Vieira;7479;3799;3680
SC;Antônio Carlos;7458;3757;3701
SC;Ascurra;7412;3680;3732
SC;Ouro;7372;3671;3701
SC;Salete;7370;3772;3598
SC;Praia Grande;7267;3658;3609
SC;Ipumirim;7220;3665;3555
SC;Timbó Grande;7167;3612;3555
SC;Rio do Oeste;7090;3599;3491
SC;São João do Sul;7002;3530;3472
SC;Meleiro;7000;3458;3542
SC;Água Doce;6961;3554;3407
SC;Treze de Maio;6876;3451;3425
SC;Ipuaçu;6798;3473;3325
SC;Paulo Lopes;6692;3404;3288
SC;Passo de Torres;6627;3352;3275
SC;Trombudo Central;6553;3268;3285
SC;Itá;6426;3218;3208
SC;Maracajá;6404;3248;3156
SC;Anchieta;6380;3231;3149
SC;Treze Tílias;6341;3150;3191
SC;Vidal Ramos;6290;3258;3032
SC;Grão Pará;6223;3235;2988
SC;Caibi;6219;3142;3077
SC;Rio do Campo;6192;3179;3013
SC;Rio das Antas;6143;3153;2990
SC;Petrolândia;6131;3165;2966
SC;Águas de Chapecó;6110;3124;2986
SC;São João do Oeste;6036;3098;2938
SC;Bela Vista do Toldo;6004;3104;2900
SC;Laurentino;6004;3001;3003
SC;Imbuia;5707;2890;2817
SC;Luzerna;5600;2740;2860
SC;Romelândia;5551;2793;2758
SC;Aurora;5549;2824;2725
SC;Águas Mornas;5548;2810;2738
SC;Timbé do Sul;5308;2693;2615
SC;Angelina;5250;2765;2485
SC;Vitor Meireles;5207;2770;2437
SC;São Cristovão do Sul;5012;2850;2162
SC;Guarujá do Sul;4908;2401;2507
SC;Agronômica;4904;2497;2407
SC;Ponte Alta;4894;2454;2440
SC;Riqueza;4838;2498;2340
SC;Vargem Bonita;4793;2428;2365
SC;Piratuba;4786;2373;2413
SC;Ipira;4752;2366;2386
SC;José Boiteux;4721;2392;2329
SC;São Pedro de Alcântara;4704;2988;1716
SC;Guatambú;4679;2471;2208
SC;Lindóia do Sul;4642;2393;2249
SC;Tunápolis;4633;2368;2265
SC;Botuverá;4468;2278;2190
SC;Rio Fortuna;4446;2294;2152
SC;Passos Maia;4425;2241;2184
SC;Caxambu do Sul;4411;2219;2192
SC;Bom Jardim da Serra;4395;2253;2142
SC;Erval Velho;4352;2148;2204
SC;Salto Veloso;4301;2189;2112
SC;Nova Erechim;4275;2205;2070
SC;Nova Itaberaba;4267;2210;2057
SC;Iraceminha;4253;2172;2081
SC;Arabutã;4193;2133;2060
SC;Xavantina;4142;2160;1982
SC;Pedras Grandes;4107;2098;2009
SC;Paraíso;4080;2091;1989
SC;Modelo;4045;2070;1975
SC;Jaborá;4041;2013;2028
SC;Saltinho;3961;2040;1921
SC;Cordilheira Alta;3767;1921;1846
SC;Dona Emma;3721;1909;1812
SC;Doutor Pedrinho;3604;1794;1810
SC;Witmarsum;3600;1827;1773
SC;Cerro Negro;3581;1873;1708
SC;Vargeão;3532;1785;1747
SC;Treviso;3527;1789;1738
SC;Arroio Trinta;3502;1747;1755
SC;Galvão;3472;1720;1752
SC;Braço do Trombudo;3457;1765;1692
SC;São João do Itaperiú;3435;1790;1645
SC;Calmon;3387;1749;1638
SC;Ibicaré;3373;1775;1598
SC;Leoberto Leal;3365;1754;1611
SC;Ponte Alta do Norte;3303;1644;1659
SC;Atalanta;3300;1661;1639
SC;Bocaina do Sul;3290;1700;1590
SC;Serra Alta;3285;1634;1651
SC;Major Gercino;3279;1672;1607
SC;Anitápolis;3214;1675;1539
SC;São Martinho;3209;1660;1549
SC;Pinheiro Preto;3147;1616;1531
SC;Entre Rios;3018;1557;1461
SC;São Bonifácio;3008;1551;1457
SC;Zortéa;2991;1537;1454
SC;Peritiba;2988;1484;1504
SC;União do Oeste;2910;1475;1435
SC;Bandeirante;2906;1535;1371
SC;Santa Terezinha do Progresso;2896;1493;1403
SC;Morro Grande;2890;1513;1377
SC;Brunópolis;2850;1452;1398
SC;Matos Costa;2839;1475;1364
SC;Vargem;2808;1446;1362
SC;Celso Ramos;2771;1395;1376
SC;Sul Brasil;2766;1437;1329
SC;Chapadão do Lageado;2762;1425;1337
SC;Princesa;2758;1421;1337
SC;Capão Alto;2753;1431;1322
SC;Novo Horizonte;2750;1450;1300
SC;Rancho Queimado;2748;1398;1350
SC;Iomerê;2739;1393;1346
SC;São Bernardino;2677;1407;1270
SC;Planalto Alegre;2654;1383;1271
SC;Abdon Batista;2653;1382;1271
SC;Belmonte;2635;1358;1277
SC;Formosa do Sul;2601;1327;1274
SC;Bom Jesus;2526;1253;1273
SC;Mirim Doce;2513;1273;1240
SC;Urupema;2482;1274;1208
SC;Frei Rogério;2474;1288;1186
SC;Coronel Martins;2458;1262;1196
SC;Rio Rufino;2436;1245;1191
SC;Águas Frias;2424;1279;1145
SC;Santa Helena;2382;1236;1146
SC;Palmeira;2373;1221;1152
SC;Painel;2353;1232;1121
SC;Presidente Nereu;2284;1167;1117
SC;Ouro Verde;2271;1150;1121
SC;Arvoredo;2260;1229;1031
SC;Marema;2203;1135;1068
SC;Lacerdópolis;2199;1096;1103
SC;Jupiá;2148;1094;1054
SC;Bom Jesus do Oeste;2132;1078;1054
SC;Irati;2096;1072;1024
SC;Santa Rosa de Lima;2065;1092;973
SC;Ermo;2050;1066;984
SC;Alto Bela Vista;2005;1005;1000
SC;Ibiam;1945;981;964
SC;São Miguel da Boa Vista;1904;979;925
SC;Cunhataí;1882;1004;878
SC;Barra Bonita;1878;976;902
SC;Macieira;1826;948;878
SC;Jardinópolis;1766;900;866
SC;Paial;1763;939;824
SC;Tigrinhos;1757;902;855
SC;Presidente Castello Branco;1725;881;844
SC;Flor do Sertão;1588;827;761
SC;Lajeado Grande;1490;756;734
SC;Santiago do Sul;1465;754;711
RS;Aceguá;4394;2303;2091
RS;Água Santa;3722;1879;1843
RS;Agudo;16722;8349;8373
RS;Ajuricaba;7255;3585;3670
RS;Alecrim;7045;3512;3533
RS;Alegrete;77653;38051;39602
RS;Alegria;4301;2149;2152
RS;Almirante Tamandaré do Sul;2067;1041;1026
RS;Alpestre;8027;4129;3898
RS;Alto Alegre;1848;944;904
RS;Alto Feliz;2917;1500;1417
RS;Alvorada;195673;95080;100593
RS;Amaral Ferrador;6353;3281;3072
RS;Ametista do Sul;7323;3732;3591
RS;André da Rocha;1216;620;596
RS;Anta Gorda;6073;3025;3048
RS;Antônio Prado;12833;6405;6428
RS;Arambaré;3693;1854;1839
RS;Araricá;4864;2456;2408
RS;Aratiba;6565;3340;3225
RS;Arroio do Meio;18783;9353;9430
RS;Arroio do Padre;2730;1414;1316
RS;Arroio do Sal;7740;3833;3907
RS;Arroio do Tigre;12648;6384;6264
RS;Arroio dos Ratos;13606;6635;6971
RS;Arroio Grande;18470;9174;9296
RS;Arvorezinha;10225;5134;5091
RS;Augusto Pestana;7096;3487;3609
RS;Áurea;3665;1807;1858
RS;Bagé;116794;55804;60990
RS;Balneário Pinhal;10856;5344;5512
RS;Barão;5741;2912;2829
RS;Barão de Cotegipe;6529;3296;3233
RS;Barão do Triunfo;7018;3741;3277
RS;Barra do Guarita;3089;1550;1539
RS;Barra do Quaraí;4012;2128;1884
RS;Barra do Ribeiro;12572;6253;6319
RS;Barra do Rio Azul;2003;1049;954
RS;Barra Funda;2367;1177;1190
RS;Barracão;5357;2691;2666
RS;Barros Cassal;11133;5729;5404
RS;Benjamin Constant do Sul;2307;1195;1112
RS;Bento Gonçalves;107278;52645;54633
RS;Boa Vista das Missões;2114;1056;1058
RS;Boa Vista do Buricá;6574;3295;3279
RS;Boa Vista do Cadeado;2441;1257;1184
RS;Boa Vista do Incra;2425;1243;1182
RS;Boa Vista do Sul;2776;1469;1307
RS;Bom Jesus;11519;5703;5816
RS;Bom Princípio;11789;6029;5760
RS;Bom Progresso;2328;1167;1161
RS;Bom Retiro do Sul;11472;5655;5817
RS;Boqueirão do Leão;7673;3937;3736
RS;Bossoroca;6884;3509;3375
RS;Bozano;2200;1100;1100
RS;Braga;3702;1866;1836
RS;Brochier;4675;2398;2277
RS;Butiá;20406;10032;10374
RS;Caçapava do Sul;33690;16329;17361
RS;Cacequi;13676;6836;6840
RS;Cachoeira do Sul;83827;40378;43449
RS;Cachoeirinha;118278;57173;61105
RS;Cacique Doble;4868;2417;2451
RS;Caibaté;4954;2532;2422
RS;Caiçara;5071;2585;2486
RS;Camaquã;62764;30900;31864
RS;Camargo;2592;1291;1301
RS;Cambará do Sul;6542;3350;3192
RS;Campestre da Serra;3247;1674;1573
RS;Campina das Missões;6117;3056;3061
RS;Campinas do Sul;5506;2650;2856
RS;Campo Bom;60074;29471;30603
RS;Campo Novo;5459;2685;2774
RS;Campos Borges;3494;1754;1740
RS;Candelária;30171;14752;15419
RS;Cândido Godói;6535;3318;3217
RS;Candiota;8771;4481;4290
RS;Canela;39229;19120;20109
RS;Canguçu;53259;26856;26403
RS;Canoas;323827;155936;167891
RS;Canudos do Vale;1807;959;848
RS;Capão Bonito do Sul;1754;943;811
RS;Capão da Canoa;42040;20616;21424
RS;Capão do Cipó;3104;1628;1476
RS;Capão do Leão;24298;11962;12336
RS;Capela de Santana;11612;5848;5764
RS;Capitão;2636;1353;1283
RS;Capivari do Sul;3890;1935;1955
RS;Caraá;7312;3798;3514
RS;Carazinho;59317;28280;31037
RS;Carlos Barbosa;25192;12662;12530
RS;Carlos Gomes;1607;834;773
RS;Casca;8651;4243;4408
RS;Caseiros;3007;1517;1490
RS;Catuípe;9323;4590;4733
RS;Caxias do Sul;435564;213612;221952
RS;Centenário;2965;1541;1424
RS;Cerrito;6402;3213;3189
RS;Cerro Branco;4454;2225;2229
RS;Cerro Grande;2417;1209;1208
RS;Cerro Grande do Sul;10268;5355;4913
RS;Cerro Largo;13289;6617;6672
RS;Chapada;9377;4593;4784
RS;Charqueadas;35320;19533;15787
RS;Charrua;3471;1728;1743
RS;Chiapetta;4044;1975;2069
RS;Chuí;5917;2921;2996
RS;Chuvisca;4944;2603;2341
RS;Cidreira;12668;6245;6423
RS;Ciríaco;4922;2512;2410
RS;Colinas;2420;1208;1212
RS;Colorado;3550;1727;1823
RS;Condor;6552;3219;3333
RS;Constantina;9752;4776;4976
RS;Coqueiro Baixo;1528;791;737
RS;Coqueiros do Sul;2457;1255;1202
RS;Coronel Barros;2459;1219;1240
RS;Coronel Bicaco;7748;3802;3946
RS;Coronel Pilar;1725;894;831
RS;Cotiporã;3917;2033;1884
RS;Coxilha;2826;1388;1438
RS;Crissiumal;14084;6913;7171
RS;Cristal;7280;3686;3594
RS;Cristal do Sul;2826;1441;1385
RS;Cruz Alta;62821;29743;33078
RS;Cruzaltense;2141;1101;1040
RS;Cruzeiro do Sul;12320;6157;6163
RS;David Canabarro;4683;2410;2273
RS;Derrubadas;3190;1604;1586
RS;Dezesseis de Novembro;2866;1469;1397
RS;Dilermando de Aguiar;3064;1579;1485
RS;Dois Irmãos;27572;13653;13919
RS;Dois Irmãos das Missões;2157;1080;1077
RS;Dois Lajeados;3278;1653;1625
RS;Dom Feliciano;14380;7398;6982
RS;Dom Pedrito;38898;19107;19791
RS;Dom Pedro de Alcântara;2550;1341;1209
RS;Dona Francisca;3401;1678;1723
RS;Doutor Maurício Cardoso;5313;2646;2667
RS;Doutor Ricardo;2030;1035;995
RS;Eldorado do Sul;34343;16999;17344
RS;Encantado;20510;9932;10578
RS;Encruzilhada do Sul;24534;12322;12212
RS;Engenho Velho;1527;742;785
RS;Entre Rios do Sul;3080;1556;1524
RS;Entre-Ijuís;8938;4415;4523
RS;Erebango;2970;1490;1480
RS;Erechim;96087;46224;49863
RS;Ernestina;3088;1562;1526
RS;Erval Grande;5163;2622;2541
RS;Erval Seco;7878;3920;3958
RS;Esmeralda;3168;1572;1596
RS;Esperança do Sul;3272;1650;1622
RS;Espumoso;15240;7532;7708
RS;Estação;6011;2951;3060
RS;Estância Velha;42574;21035;21539
RS;Esteio;80755;38973;41782
RS;Estrela;30619;15119;15500
RS;Estrela Velha;3628;1846;1782
RS;Eugênio de Castro;2798;1415;1383
RS;Fagundes Varela;2579;1300;1279
RS;Farroupilha;63635;31303;32332
RS;Faxinal do Soturno;6672;3274;3398
RS;Faxinalzinho;2567;1283;1284
RS;Fazenda Vilanova;3697;1856;1841
RS;Feliz;12359;6161;6198
RS;Flores da Cunha;27126;13552;13574
RS;Floriano Peixoto;2018;1081;937
RS;Fontoura Xavier;10719;5461;5258
RS;Formigueiro;7014;3570;3444
RS;Forquetinha;2479;1265;1214
RS;Fortaleza dos Valos;4575;2241;2334
RS;Frederico Westphalen;28843;14128;14715
RS;Garibaldi;30689;15221;15468
RS;Garruchos;3234;1682;1552
RS;Gaurama;5862;2832;3030
RS;General Câmara;8447;4233;4214
RS;Gentil;1677;889;788
RS;Getúlio Vargas;16154;7849;8305
RS;Giruá;17075;8338;8737
RS;Glorinha;6891;3536;3355
RS;Gramado;32273;15673;16600
RS;Gramado dos Loureiros;2269;1151;1118
RS;Gramado Xavier;3970;2044;1926
RS;Gravataí;255660;124880;130780
RS;Guabiju;1598;806;792
RS;Guaíba;95204;46153;49051
RS;Guaporé;22814;11124;11690
RS;Guarani das Missões;8115;3951;4164
RS;Harmonia;4254;2151;2103
RS;Herval;6753;3483;3270
RS;Herveiras;2954;1543;1411
RS;Horizontina;18348;8946;9402
RS;Hulha Negra;6043;3124;2919
RS;Humaitá;4919;2387;2532
RS;Ibarama;4371;2230;2141
RS;Ibiaçá;4710;2290;2420
RS;Ibiraiaras;7171;3588;3583
RS;Ibirapuitã;4061;2063;1998
RS;Ibirubá;19310;9472;9838
RS;Igrejinha;31660;15461;16199
RS;Ijuí;78915;38112;40803
RS;Ilópolis;4102;2055;2047
RS;Imbé;17670;8663;9007
RS;Imigrante;3023;1495;1528
RS;Independência;6618;3293;3325
RS;Inhacorá;2267;1148;1119
RS;Ipê;6016;3083;2933
RS;Ipiranga do Sul;1944;972;972
RS;Iraí;8078;4075;4003
RS;Itaara;5010;2543;2467
RS;Itacurubi;3441;1778;1663
RS;Itapuca;2344;1233;1111
RS;Itaqui;38159;19034;19125
RS;Itati;2584;1340;1244
RS;Itatiba do Sul;4171;2178;1993
RS;Ivorá;2156;1097;1059
RS;Ivoti;19874;9801;10073
RS;Jaboticaba;4098;2081;2017
RS;Jacuizinho;2507;1283;1224
RS;Jacutinga;3633;1781;1852
RS;Jaguarão;27931;13588;14343
RS;Jaguari;11473;5738;5735
RS;Jaquirana;4177;2142;2035
RS;Jari;3575;1884;1691
RS;Jóia;8331;4306;4025
RS;Júlio de Castilhos;19579;9626;9953
RS;Lagoa Bonita do Sul;2662;1403;1259
RS;Lagoa dos Três Cantos;1598;776;822
RS;Lagoa Vermelha;27525;13564;13961
RS;Lagoão;6185;3195;2990
RS;Lajeado;71445;34731;36714
RS;Lajeado do Bugre;2487;1253;1234
RS;Lavras do Sul;7679;3775;3904
RS;Liberato Salzano;5780;2949;2831
RS;Lindolfo Collor;5227;2679;2548
RS;Linha Nova;1624;808;816
RS;Maçambará;4738;2418;2320
RS;Machadinho;5510;2757;2753
RS;Mampituba;3003;1551;1452
RS;Manoel Viana;7072;3556;3516
RS;Maquiné;6905;3523;3382
RS;Maratá;2527;1272;1255
RS;Marau;36364;18030;18334
RS;Marcelino Ramos;5134;2555;2579
RS;Mariana Pimentel;3768;1970;1798
RS;Mariano Moro;2210;1133;1077
RS;Marques de Souza;4068;2039;2029
RS;Mata;5111;2575;2536
RS;Mato Castelhano;2470;1292;1178
RS;Mato Leitão;3865;1937;1928
RS;Mato Queimado;1799;902;897
RS;Maximiliano de Almeida;4911;2467;2444
RS;Minas do Leão;7631;3778;3853
RS;Miraguaí;4855;2413;2442
RS;Montauri;1542;794;748
RS;Monte Alegre dos Campos;3102;1661;1441
RS;Monte Belo do Sul;2670;1345;1325
RS;Montenegro;59415;29245;30170
RS;Mormaço;2749;1396;1353
RS;Morrinhos do Sul;3182;1617;1565
RS;Morro Redondo;6227;3135;3092
RS;Morro Reuter;5676;2849;2827
RS;Mostardas;12124;6187;5937
RS;Muçum;4791;2300;2491
RS;Muitos Capões;2988;1535;1453
RS;Muliterno;1813;923;890
RS;Não-Me-Toque;15936;7855;8081
RS;Nicolau Vergueiro;1721;862;859
RS;Nonoai;12074;5932;6142
RS;Nova Alvorada;3182;1598;1584
RS;Nova Araçá;4001;1957;2044
RS;Nova Bassano;8840;4480;4360
RS;Nova Boa Vista;1960;981;979
RS;Nova Bréscia;3184;1629;1555
RS;Nova Candelária;2751;1405;1346
RS;Nova Esperança do Sul;4671;2306;2365
RS;Nova Hartz;18346;9072;9274
RS;Nova Pádua;2450;1258;1192
RS;Nova Palma;6342;3217;3125
RS;Nova Petrópolis;19045;9370;9675
RS;Nova Prata;22830;11303;11527
RS;Nova Ramada;2437;1246;1191
RS;Nova Roma do Sul;3343;1708;1635
RS;Nova Santa Rita;22716;11441;11275
RS;Novo Barreiro;3978;2032;1946
RS;Novo Cabrais;3855;1946;1909
RS;Novo Hamburgo;238940;115766;123174
RS;Novo Machado;3925;1948;1977
RS;Novo Tiradentes;2277;1191;1086
RS;Novo Xingu;1757;861;896
RS;Osório;40906;20157;20749
RS;Paim Filho;4243;2111;2132
RS;Palmares do Sul;10969;5462;5507
RS;Palmeira das Missões;34328;16641;17687
RS;Palmitinho;6920;3494;3426
RS;Panambi;38058;19013;19045
RS;Pantano Grande;9895;4909;4986
RS;Paraí;6812;3451;3361
RS;Paraíso do Sul;7336;3694;3642
RS;Pareci Novo;3511;1784;1727
RS;Parobé;51502;25449;26053
RS;Passa Sete;5154;2678;2476
RS;Passo do Sobrado;6011;2996;3015
RS;Passo Fundo;184826;88050;96776
RS;Paulo Bento;2196;1126;1070
RS;Paverama;8044;4050;3994
RS;Pedras Altas;2212;1161;1051
RS;Pedro Osório;7811;3826;3985
RS;Pejuçara;3973;2008;1965
RS;Pelotas;328275;154198;174077
RS;Picada Café;5182;2594;2588
RS;Pinhal;2513;1274;1239
RS;Pinhal da Serra;2130;1110;1020
RS;Pinhal Grande;4471;2314;2157
RS;Pinheirinho do Vale;4497;2277;2220
RS;Pinheiro Machado;12780;6381;6399
RS;Pirapó;2757;1398;1359
RS;Piratini;19841;10108;9733
RS;Planalto;10524;5209;5315
RS;Poço das Antas;2017;1023;994
RS;Pontão;3857;1984;1873
RS;Ponte Preta;1750;924;826
RS;Portão;30920;15515;15405
RS;Porto Alegre;1409351;653787;755564
RS;Porto Lucena;5413;2698;2715
RS;Porto Mauá;2542;1264;1278
RS;Porto Vera Cruz;1852;936;916
RS;Porto Xavier;10558;5300;5258
RS;Pouso Novo;1875;953;922
RS;Presidente Lucena;2484;1310;1174
RS;Progresso;6163;3183;2980
RS;Protásio Alves;2000;1079;921
RS;Putinga;4141;2097;2044
RS;Quaraí;23021;11228;11793
RS;Quatro Irmãos;1775;890;885
RS;Quevedos;2710;1447;1263
RS;Quinze de Novembro;3653;1799;1854
RS;Redentora;10222;5210;5012
RS;Relvado;2155;1071;1084
RS;Restinga Seca;15849;7815;8034
RS;Rio dos Índios;3616;1860;1756
RS;Rio Grande;197228;94983;102245
RS;Rio Pardo;37591;18318;19273
RS;Riozinho;4330;2203;2127
RS;Roca Sales;10284;5090;5194
RS;Rodeio Bonito;5743;2846;2897
RS;Rolador;2546;1318;1228
RS;Rolante;19485;9767;9718
RS;Ronda Alta;10221;5009;5212
RS;Rondinha;5518;2718;2800
RS;Roque Gonzales;7203;3622;3581
RS;Rosário do Sul;39707;19311;20396
RS;Sagrada Família;2595;1339;1256
RS;Saldanha Marinho;2869;1390;1479
RS;Salto do Jacuí;11880;5878;6002
RS;Salvador das Missões;2669;1377;1292
RS;Salvador do Sul;6747;3412;3335
RS;Sananduva;15373;7604;7769
RS;Santa Bárbara do Sul;8829;4341;4488
RS;Santa Cecília do Sul;1655;839;816
RS;Santa Clara do Sul;5697;2845;2852
RS;Santa Cruz do Sul;118374;56943;61431
RS;Santa Margarida do Sul;2352;1272;1080
RS;Santa Maria;261031;123634;137397
RS;Santa Maria do Herval;6053;3101;2952
RS;Santa Rosa;68587;33483;35104
RS;Santa Tereza;1720;889;831
RS;Santa Vitória do Palmar;30990;15469;15521
RS;Santana da Boa Vista;8242;4169;4073
RS;Sant'Ana do Livramento;82464;39376;43088
RS;Santiago;49071;23571;25500
RS;Santo Ângelo;76275;36586;39689
RS;Santo Antônio da Patrulha;39685;19756;19929
RS;Santo Antônio das Missões;11210;5579;5631
RS;Santo Antônio do Palma;2139;1112;1027
RS;Santo Antônio do Planalto;1987;980;1007
RS;Santo Augusto;13968;6811;7157
RS;Santo Cristo;14378;7190;7188
RS;Santo Expedito do Sul;2461;1239;1222
RS;São Borja;61671;30248;31423
RS;São Domingos do Sul;2926;1470;1456
RS;São Francisco de Assis;19254;9493;9761
RS;São Francisco de Paula;20537;10402;10135
RS;São Gabriel;60425;29429;30996
RS;São Jerônimo;22134;11026;11108
RS;São João da Urtiga;4726;2401;2325
RS;São João do Polêsine;2635;1272;1363
RS;São Jorge;2774;1379;1395
RS;São José das Missões;2720;1377;1343
RS;São José do Herval;2204;1136;1068
RS;São José do Hortêncio;4094;2088;2006
RS;São José do Inhacorá;2200;1125;1075
RS;São José do Norte;25503;13003;12500
RS;São José do Ouro;6904;3382;3522
RS;São José do Sul;2082;1052;1030
RS;São José dos Ausentes;3290;1693;1597
RS;São Leopoldo;214087;104242;109845
RS;São Lourenço do Sul;43111;21623;21488
RS;São Luiz Gonzaga;34556;16827;17729
RS;São Marcos;20103;9859;10244
RS;São Martinho;5773;2838;2935
RS;São Martinho da Serra;3201;1647;1554
RS;São Miguel das Missões;7421;3880;3541
RS;São Nicolau;5727;2906;2821
RS;São Paulo das Missões;6364;3228;3136
RS;São Pedro da Serra;3315;1683;1632
RS;São Pedro das Missões;1886;932;954
RS;São Pedro do Butiá;2873;1456;1417
RS;São Pedro do Sul;16368;8050;8318
RS;São Sebastião do Caí;21932;10738;11194
RS;São Sepé;23798;11777;12021
RS;São Valentim;3632;1811;1821
RS;São Valentim do Sul;2168;1112;1056
RS;São Valério do Sul;2647;1375;1272
RS;São Vendelino;1944;994;950
RS;São Vicente do Sul;8440;4206;4234
RS;Sapiranga;74985;36989;37996
RS;Sapucaia do Sul;130957;63747;67210
RS;Sarandi;21285;10269;11016
RS;Seberi;10897;5349;5548
RS;Sede Nova;3011;1531;1480
RS;Segredo;7158;3698;3460
RS;Selbach;4929;2403;2526
RS;Senador Salgado Filho;2814;1407;1407
RS;Sentinela do Sul;5198;2666;2532
RS;Serafina Corrêa;14253;7099;7154
RS;Sério;2281;1190;1091
RS;Sertão;6294;3045;3249
RS;Sertão Santana;5850;2934;2916
RS;Sete de Setembro;2124;1082;1042
RS;Severiano de Almeida;3842;1942;1900
RS;Silveira Martins;2449;1227;1222
RS;Sinimbu;10068;5217;4851
RS;Sobradinho;14283;6992;7291
RS;Soledade;30044;14729;15315
RS;Tabaí;4131;2102;2029
RS;Tapejara;19250;9392;9858
RS;Tapera;10448;5093;5355
RS;Tapes;16629;8167;8462
RS;Taquara;54643;26866;27777
RS;Taquari;26092;12689;13403
RS;Taquaruçu do Sul;2966;1517;1449
RS;Tavares;5351;2777;2574
RS;Tenente Portela;13719;6713;7006
RS;Terra de Areia;9878;4959;4919
RS;Teutônia;27272;13523;13749
RS;Tio Hugo;2724;1372;1352
RS;Tiradentes do Sul;6461;3268;3193
RS;Toropi;2952;1561;1391
RS;Torres;34656;16835;17821
RS;Tramandaí;41585;20095;21490
RS;Travesseiro;2314;1171;1143
RS;Três Arroios;2855;1428;1427
RS;Três Cachoeiras;10217;5156;5061
RS;Três Coroas;23848;11837;12011
RS;Três de Maio;23726;11484;12242
RS;Três Forquilhas;2914;1512;1402
RS;Três Palmeiras;4381;2210;2171
RS;Três Passos;23965;11751;12214
RS;Trindade do Sul;5787;2884;2903
RS;Triunfo;25793;12933;12860
RS;Tucunduva;5898;2817;3081
RS;Tunas;4395;2278;2117
RS;Tupanci do Sul;1573;816;757
RS;Tupanciretã;22281;10864;11417
RS;Tupandi;3924;2068;1856
RS;Tuparendi;8557;4146;4411
RS;Turuçu;3522;1778;1744
RS;Ubiretama;2296;1183;1113
RS;União da Serra;1487;797;690
RS;Unistalda;2450;1245;1205
RS;Uruguaiana;125435;61009;64426
RS;Vacaria;61342;30083;31259
RS;Vale do Sol;11077;5597;5480
RS;Vale Real;5118;2570;2548
RS;Vale Verde;3253;1652;1601
RS;Vanini;1984;993;991
RS;Venâncio Aires;65946;32643;33303
RS;Vera Cruz;23983;11749;12234
RS;Veranópolis;22810;11102;11708
RS;Vespasiano Correa;1974;1024;950
RS;Viadutos;5311;2620;2691
RS;Viamão;239384;116483;122901
RS;Vicente Dutra;5285;2701;2584
RS;Victor Graeff;3036;1512;1524
RS;Vila Flores;3207;1617;1590
RS;Vila Lângaro;2152;1123;1029
RS;Vila Maria;4221;2116;2105
RS;Vila Nova do Sul;4221;2102;2119
RS;Vista Alegre;2832;1400;1432
RS;Vista Alegre do Prata;1569;819;750
RS;Vista Gaúcha;2759;1395;1364
RS;Vitória das Missões;3485;1794;1691
RS;Westfalia;2793;1406;1387
RS;Xangri-lá;12434;6199;6235
MS;Água Clara;14424;7545;6879
MS;Alcinópolis;4569;2432;2137
MS;Amambai;34730;17375;17355
MS;Anastácio;23835;11911;11924
MS;Anaurilândia;8493;4313;4180
MS;Angélica;9185;4696;4489
MS;Antônio João;8208;4108;4100
MS;Aparecida do Taboado;22320;11152;11168
MS;Aquidauana;45614;22851;22763
MS;Aral Moreira;10251;5266;4985
MS;Bandeirantes;6609;3459;3150
MS;Bataguassu;19839;10090;9749
MS;Batayporã;10936;5419;5517
MS;Bela Vista;23181;11720;11461
MS;Bodoquena;7985;4113;3872
MS;Bonito;19587;9878;9709
MS;Brasilândia;11826;6045;5781
MS;Caarapó;25767;12918;12849
MS;Camapuã;13625;7067;6558
MS;Campo Grande;786797;381333;405464
MS;Caracol;5398;2764;2634
MS;Cassilândia;20966;10464;10502
MS;Chapadão do Sul;19648;10277;9371
MS;Corguinho;4862;2629;2233
MS;Coronel Sapucaia;14064;6953;7111
MS;Corumbá;103703;52285;51418
MS;Costa Rica;19695;10246;9449
MS;Coxim;32159;16141;16018
MS;Deodápolis;12139;6127;6012
MS;Dois Irmãos do Buriti;10363;5531;4832
MS;Douradina;5364;2722;2642
MS;Dourados;196035;96274;99761
MS;Eldorado;11694;5783;5911
MS;Fátima do Sul;19035;9363;9672
MS;Figueirão;2928;1553;1375
MS;Glória de Dourados;9927;4894;5033
MS;Guia Lopes da Laguna;10366;5208;5158
MS;Iguatemi;14875;7427;7448
MS;Inocência;7669;3964;3705
MS;Itaporã;20865;10407;10458
MS;Itaquiraí;18614;9712;8902
MS;Ivinhema;22341;11269;11072
MS;Japorã;7731;3908;3823
MS;Jaraguari;6341;3407;2934
MS;Jardim;24346;12130;12216
MS;Jateí;4011;2090;1921
MS;Juti;5900;3010;2890
MS;Ladário;19617;9829;9788
MS;Laguna Carapã;6491;3295;3196
MS;Maracaju;37405;19387;18018
MS;Miranda;25595;13221;12374
MS;Mundo Novo;17043;8260;8783
MS;Naviraí;46424;23226;23198
MS;Nioaque;14391;7547;6844
MS;Nova Alvorada do Sul;16432;8478;7954
MS;Nova Andradina;45585;22733;22852
MS;Novo Horizonte do Sul;4940;2513;2427
MS;Paranaíba;40192;19957;20235
MS;Paranhos;12350;6261;6089
MS;Pedro Gomes;7967;4149;3818
MS;Ponta Porã;77872;38492;39380
MS;Porto Murtinho;15372;8234;7138
MS;Ribas do Rio Pardo;20946;10982;9964
MS;Rio Brilhante;30663;15711;14952
MS;Rio Negro;5036;2604;2432
MS;Rio Verde de Mato Grosso;18890;9486;9404
MS;Rochedo;4928;2573;2355
MS;Santa Rita do Pardo;7259;3805;3454
MS;São Gabriel do Oeste;22203;11200;11003
MS;Selvíria;6287;3215;3072
MS;Sete Quedas;10780;5481;5299
MS;Sidrolândia;42132;21515;20617
MS;Sonora;14833;7836;6997
MS;Tacuru;10215;5274;4941
MS;Taquarussu;3518;1807;1711
MS;Terenos;17146;9146;8000
MS;Três Lagoas;101791;50523;51268
MS;Vicentina;5901;2959;2942
MT;Acorizal;5516;2900;2616
MT;Água Boa;20856;10932;9924
MT;Alta Floresta;49164;24989;24175
MT;Alto Araguaia;15644;8011;7633
MT;Alto Boa Vista;5247;2732;2515
MT;Alto Garças;10350;5438;4912
MT;Alto Paraguai;10066;5413;4653
MT;Alto Taquari;8072;4277;3795
MT;Apiacás;8567;4663;3904
MT;Araguaiana;3197;1637;1560
MT;Araguainha;1096;585;511
MT;Araputanga;15342;7583;7759
MT;Arenápolis;10316;5191;5125
MT;Aripuanã;18656;10077;8579
MT;Barão de Melgaço;7591;4134;3457
MT;Barra do Bugres;31793;16551;15242
MT;Barra do Garças;56560;28178;28382
MT;Bom Jesus do Araguaia;5314;2856;2458
MT;Brasnorte;15357;8285;7072
MT;Cáceres;87942;44098;43844
MT;Campinápolis;14305;7406;6899
MT;Campo Novo do Parecis;27577;14502;13075
MT;Campo Verde;31589;16282;15307
MT;Campos de Júlio;5154;2665;2489
MT;Canabrava do Norte;4786;2549;2237
MT;Canarana;18754;9650;9104
MT;Carlinda;10990;5817;5173
MT;Castanheira;8231;4345;3886
MT;Chapada dos Guimarães;17821;9294;8527
MT;Cláudia;11028;5728;5300
MT;Cocalinho;5490;2897;2593
MT;Colíder;30766;15552;15214
MT;Colniza;26381;14084;12297
MT;Comodoro;18178;9376;8802
MT;Confresa;25124;13347;11777
MT;Conquista D'Oeste;3385;1788;1597
MT;Cotriguaçu;14983;7977;7006
MT;Cuiabá;551098;269204;281894
MT;Curvelândia;4866;2534;2332
MT;Denise;8523;4393;4130
MT;Diamantino;20341;10512;9829
MT;Dom Aquino;8171;4222;3949
MT;Feliz Natal;10933;5580;5353
MT;Figueirópolis D'Oeste;3796;1936;1860
MT;Gaúcha do Norte;6293;3443;2850
MT;General Carneiro;5027;2644;2383
MT;Glória D'Oeste;3135;1595;1540
MT;Guarantã do Norte;32216;16511;15705
MT;Guiratinga;13934;7287;6647
MT;Indiavaí;2397;1249;1148
MT;Ipiranga do Norte;5123;2795;2328
MT;Itanhangá;5276;2881;2395
MT;Itaúba;4575;2398;2177
MT;Itiquira;11478;6225;5253
MT;Jaciara;25647;12981;12666
MT;Jangada;7696;3963;3733
MT;Jauru;10455;5259;5196
MT;Juara;32791;16956;15835
MT;Juína;39255;20136;19119
MT;Juruena;11201;5808;5393
MT;Juscimeira;11430;5960;5470
MT;Lambari D'Oeste;5431;2852;2579
MT;Lucas do Rio Verde;45556;24016;21540
MT;Luciara;2224;1146;1078
MT;Marcelândia;12006;6368;5638
MT;Matupá;14174;7357;6817
MT;Mirassol d'Oeste;25299;12685;12614
MT;Nobres;15002;7830;7172
MT;Nortelândia;6436;3310;3126
MT;Nossa Senhora do Livramento;11609;6270;5339
MT;Nova Bandeirantes;11643;6378;5265
MT;Nova Brasilândia;4587;2401;2186
MT;Nova Canaã do Norte;12127;6453;5674
MT;Nova Guarita;4932;2582;2350
MT;Nova Lacerda;5436;2916;2520
MT;Nova Marilândia;2951;1591;1360
MT;Nova Maringá;6590;3599;2991
MT;Nova Monte Verde;8093;4388;3705
MT;Nova Mutum;31649;16799;14850
MT;Nova Nazaré;3029;1565;1464
MT;Nova Olímpia;17515;9056;8459
MT;Nova Santa Helena;3468;1811;1657
MT;Nova Ubiratã;9218;5132;4086
MT;Nova Xavantina;19643;10028;9615
MT;Novo Horizonte do Norte;3749;1936;1813
MT;Novo Mundo;7332;3916;3416
MT;Novo Santo Antônio;2005;1105;900
MT;Novo São Joaquim;6042;3141;2901
MT;Paranaíta;10684;5741;4943
MT;Paranatinga;19290;10310;8980
MT;Pedra Preta;15755;8115;7640
MT;Peixoto de Azevedo;30812;15970;14842
MT;Planalto da Serra;2726;1400;1326
MT;Poconé;31779;16519;15260
MT;Pontal do Araguaia;5395;2776;2619
MT;Ponte Branca;1768;919;849
MT;Pontes e Lacerda;41408;20922;20486
MT;Porto Alegre do Norte;10748;5737;5011
MT;Porto dos Gaúchos;5449;2860;2589
MT;Porto Esperidião;11031;5899;5132
MT;Porto Estrela;3649;1903;1746
MT;Poxoréo;17599;9258;8341
MT;Primavera do Leste;52066;26487;25579
MT;Querência;13033;6924;6109
MT;Reserva do Cabaçal;2572;1322;1250
MT;Ribeirão Cascalheira;8881;4608;4273
MT;Ribeirãozinho;2199;1126;1073
MT;Rio Branco;5070;2537;2533
MT;Rondolândia;3604;1902;1702
MT;Rondonópolis;195476;98197;97279
MT;Rosário Oeste;17679;9415;8264
MT;Salto do Céu;3908;2017;1891
MT;Santa Carmem;4085;2147;1938
MT;Santa Cruz do Xingu;1900;1046;854
MT;Santa Rita do Trivelato;2491;1362;1129
MT;Santa Terezinha;7397;3938;3459
MT;Santo Afonso;2991;1628;1363
MT;Santo Antônio do Leste;3754;2025;1729
MT;Santo Antônio do Leverger;18463;9861;8602
MT;São Félix do Araguaia;10625;5562;5063
MT;São José do Povo;3592;1926;1666
MT;São José do Rio Claro;17124;9185;7939
MT;São José do Xingu;5240;2824;2416
MT;São José dos Quatro Marcos;18998;9501;9497
MT;São Pedro da Cipa;4158;2149;2009
MT;Sapezal;18094;9776;8318
MT;Serra Nova Dourada;1365;743;622
MT;Sinop;113099;57565;55534
MT;Sorriso;66521;34267;32254
MT;Tabaporã;9932;5308;4624
MT;Tangará da Serra;83431;41990;41441
MT;Tapurah;10392;6059;4333
MT;Terra Nova do Norte;11291;5884;5407
MT;Tesouro;3418;1903;1515
MT;Torixoréu;4071;2120;1951
MT;União do Sul;3760;2044;1716
MT;Vale de São Domingos;3052;1643;1409
MT;Várzea Grande;252596;125267;127329
MT;Vera;10235;5304;4931
MT;Vila Bela da Santíssima Trindade;14493;7565;6928
MT;Vila Rica;21382;11188;10194
GO;Abadia de Goiás;6876;3371;3505
GO;Abadiânia;15757;8089;7668
GO;Acreúna;20279;10379;9900
GO;Adelândia;2477;1273;1204
GO;Água Fria de Goiás;5090;2731;2359
GO;Água Limpa;2013;1048;965
GO;Águas Lindas de Goiás;159378;79726;79652
GO;Alexânia;23814;12010;11804
GO;Aloândia;2051;1048;1003
GO;Alto Horizonte;4505;2351;2154
GO;Alto Paraíso de Goiás;6885;3408;3477
GO;Alvorada do Norte;8084;4108;3976
GO;Amaralina;3434;1833;1601
GO;Americano do Brasil;5508;2858;2650
GO;Amorinópolis;3609;1830;1779
GO;Anápolis;334613;163256;171357
GO;Anhanguera;1020;516;504
GO;Anicuns;20239;10407;9832
GO;Aparecida de Goiânia;455657;224798;230859
GO;Aparecida do Rio Doce;2427;1241;1186
GO;Aporé;3803;2005;1798
GO;Araçu;3802;1909;1893
GO;Aragarças;18305;9186;9119
GO;Aragoiânia;8365;4265;4100
GO;Araguapaz;7510;3851;3659
GO;Arenópolis;3277;1676;1601
GO;Aruanã;7496;3921;3575
GO;Aurilândia;3650;1839;1811
GO;Avelinópolis;2450;1234;1216
GO;Baliza;3714;2043;1671
GO;Barro Alto;8716;4509;4207
GO;Bela Vista de Goiás;24554;12612;11942
GO;Bom Jardim de Goiás;8423;4304;4119
GO;Bom Jesus de Goiás;20727;10757;9970
GO;Bonfinópolis;7536;3777;3759
GO;Bonópolis;3503;1834;1669
GO;Brazabrantes;3232;1646;1586
GO;Britânia;5509;2809;2700
GO;Buriti Alegre;9054;4535;4519
GO;Buriti de Goiás;2560;1321;1239
GO;Buritinópolis;3321;1703;1618
GO;Cabeceiras;7354;3778;3576
GO;Cachoeira Alta;10553;5749;4804
GO;Cachoeira de Goiás;1417;731;686
GO;Cachoeira Dourada;8254;4173;4081
GO;Caçu;13283;7031;6252
GO;Caiapônia;16757;8545;8212
GO;Caldas Novas;70473;35021;35452
GO;Caldazinha;3325;1689;1636
GO;Campestre de Goiás;3387;1772;1615
GO;Campinaçu;3656;1938;1718
GO;Campinorte;11111;5701;5410
GO;Campo Alegre de Goiás;6060;3108;2952
GO;Campo Limpo de Goiás;6241;3185;3056
GO;Campos Belos;18410;9125;9285
GO;Campos Verdes;5020;2571;2449
GO;Carmo do Rio Verde;8928;4547;4381
GO;Castelândia;3638;1918;1720
GO;Catalão;86647;43536;43111
GO;Caturaí;4686;2398;2288
GO;Cavalcante;9392;4915;4477
GO;Ceres;20722;10144;10578
GO;Cezarina;7545;3871;3674
GO;Chapadão do Céu;7001;3664;3337
GO;Cidade Ocidental;55915;27430;28485
GO;Cocalzinho de Goiás;17407;8952;8455
GO;Colinas do Sul;3523;1838;1685
GO;Córrego do Ouro;2632;1338;1294
GO;Corumbá de Goiás;10361;5415;4946
GO;Corumbaíba;8181;4284;3897
GO;Cristalina;46580;23977;22603
GO;Cristianópolis;2932;1503;1429
GO;Crixás;15760;8254;7506
GO;Cromínia;3555;1794;1761
GO;Cumari;2964;1515;1449
GO;Damianópolis;3292;1709;1583
GO;Damolândia;2747;1383;1364
GO;Davinópolis;2056;1082;974
GO;Diorama;2479;1262;1217
GO;Divinópolis de Goiás;4962;2595;2367
GO;Doverlândia;7892;4162;3730
GO;Edealina;3733;1930;1803
GO;Edéia;11266;5779;5487
GO;Estrela do Norte;3320;1720;1600
GO;Faina;6983;3652;3331
GO;Fazenda Nova;6322;3248;3074
GO;Firminópolis;11580;5701;5879
GO;Flores de Goiás;12066;6657;5409
GO;Formosa;100085;49959;50126
GO;Formoso;4883;2474;2409
GO;Gameleira de Goiás;3275;1724;1551
GO;Goianápolis;10695;5453;5242
GO;Goiandira;5265;2633;2632
GO;Goianésia;59549;30075;29474
GO;Goiânia;1302001;620857;681144
GO;Goianira;34060;17120;16940
GO;Goiás;24727;12256;12471
GO;Goiatuba;32492;16219;16273
GO;Gouvelândia;4949;2569;2380
GO;Guapó;13976;6970;7006
GO;Guaraíta;2376;1187;1189
GO;Guarani de Goiás;4258;2291;1967
GO;Guarinos;2299;1225;1074
GO;Heitoraí;3571;1830;1741
GO;Hidrolândia;17398;8942;8456
GO;Hidrolina;4029;2043;1986
GO;Iaciara;12427;6379;6048
GO;Inaciolândia;5699;2917;2782
GO;Indiara;13687;7086;6601
GO;Inhumas;48246;23666;24580
GO;Ipameri;24735;12444;12291
GO;Ipiranga de Goiás;2844;1451;1393
GO;Iporá;31274;15302;15972
GO;Israelândia;2887;1463;1424
GO;Itaberaí;35371;17849;17522
GO;Itaguari;4513;2276;2237
GO;Itaguaru;5437;2742;2695
GO;Itajá;5062;2508;2554
GO;Itapaci;18458;9379;9079
GO;Itapirapuã;7835;3963;3872
GO;Itapuranga;26125;12922;13203
GO;Itarumã;6300;3318;2982
GO;Itauçu;8575;4235;4340
GO;Itumbiara;92883;45796;47087
GO;Ivolândia;2663;1405;1258
GO;Jandaia;6164;3175;2989
GO;Jaraguá;41870;21241;20629
GO;Jataí;88006;43961;44045
GO;Jaupaci;3000;1517;1483
GO;Jesúpolis;2300;1206;1094
GO;Joviânia;7118;3608;3510
GO;Jussara;19153;9587;9566
GO;Lagoa Santa;1254;643;611
GO;Leopoldo de Bulhões;7882;4013;3869
GO;Luziânia;174531;87087;87444
GO;Mairipotaba;2374;1238;1136
GO;Mambaí;6871;3529;3342
GO;Mara Rosa;10649;5426;5223
GO;Marzagão;2072;1026;1046
GO;Matrinchã;4414;2254;2160
GO;Maurilândia;11521;6022;5499
GO;Mimoso de Goiás;2685;1427;1258
GO;Minaçu;31154;15837;15317
GO;Mineiros;52935;27140;25795
GO;Moiporá;1763;899;864
GO;Monte Alegre de Goiás;7730;3994;3736
GO;Montes Claros de Goiás;7987;4094;3893
GO;Montividiu;10572;5499;5073
GO;Montividiu do Norte;4122;2109;2013
GO;Morrinhos;41460;20773;20687
GO;Morro Agudo de Goiás;2356;1173;1183
GO;Mossâmedes;5007;2557;2450
GO;Mozarlândia;13404;6843;6561
GO;Mundo Novo;6438;3428;3010
GO;Mutunópolis;3849;2003;1846
GO;Nazário;7874;3963;3911
GO;Nerópolis;24210;11923;12287
GO;Niquelândia;42361;21689;20672
GO;Nova América;2259;1158;1101
GO;Nova Aurora;2062;1074;988
GO;Nova Crixás;11927;6223;5704
GO;Nova Glória;8508;4246;4262
GO;Nova Iguaçu de Goiás;2826;1455;1371
GO;Nova Roma;3471;1794;1677
GO;Nova Veneza;8129;4128;4001
GO;Novo Brasil;3519;1819;1700
GO;Novo Gama;95018;46672;48346
GO;Novo Planalto;3956;2072;1884
GO;Orizona;14300;7389;6911
GO;Ouro Verde de Goiás;4034;2008;2026
GO;Ouvidor;5467;2811;2656
GO;Padre Bernardo;27671;13992;13679
GO;Palestina de Goiás;3371;1776;1595
GO;Palmeiras de Goiás;23338;11819;11519
GO;Palmelo;2335;1149;1186
GO;Palminópolis;3557;1779;1778
GO;Panamá;2682;1370;1312
GO;Paranaiguara;9100;4588;4512
GO;Paraúna;10863;5521;5342
GO;Perolândia;2950;1570;1380
GO;Petrolina de Goiás;10283;5368;4915
GO;Pilar de Goiás;2773;1467;1306
GO;Piracanjuba;24026;12194;11832
GO;Piranhas;11266;5718;5548
GO;Pirenópolis;23006;11797;11209
GO;Pires do Rio;28762;14105;14657
GO;Planaltina;81649;40574;41075
GO;Pontalina;17121;8578;8543
GO;Porangatu;42355;21285;21070
GO;Porteirão;3347;1808;1539
GO;Portelândia;3839;1986;1853
GO;Posse;31419;15925;15494
GO;Professor Jamil;3239;1676;1563
GO;Quirinópolis;43220;21934;21286
GO;Rialma;10523;5239;5284
GO;Rianápolis;4566;2319;2247
GO;Rio Quente;3312;1733;1579
GO;Rio Verde;176424;90030;86394
GO;Rubiataba;18915;9429;9486
GO;Sanclerlândia;7550;3843;3707
GO;Santa Bárbara de Goiás;5751;2932;2819
GO;Santa Cruz de Goiás;3142;1645;1497
GO;Santa Fé de Goiás;4762;2405;2357
GO;Santa Helena de Goiás;36469;18317;18152
GO;Santa Isabel;3686;1906;1780
GO;Santa Rita do Araguaia;6924;3545;3379
GO;Santa Rita do Novo Destino;3173;1727;1446
GO;Santa Rosa de Goiás;2909;1452;1457
GO;Santa Tereza de Goiás;3995;1994;2001
GO;Santa Terezinha de Goiás;10302;5261;5041
GO;Santo Antônio da Barra;4423;2346;2077
GO;Santo Antônio de Goiás;4703;2389;2314
GO;Santo Antônio do Descoberto;63248;31371;31877
GO;São Domingos;11272;5928;5344
GO;São Francisco de Goiás;6120;3147;2973
GO;São João da Paraúna;1689;843;846
GO;São João d'Aliança;10257;5274;4983
GO;São Luís de Montes Belos;30034;14731;15303
GO;São Luíz do Norte;4617;2334;2283
GO;São Miguel do Araguaia;22283;11391;10892
GO;São Miguel do Passa Quatro;3757;1944;1813
GO;São Patrício;1991;1000;991
GO;São Simão;17088;8866;8222
GO;Senador Canedo;84443;42211;42232
GO;Serranópolis;7481;3970;3511
GO;Silvânia;19089;9807;9282
GO;Simolândia;6514;3303;3211
GO;Sítio d'Abadia;2825;1519;1306
GO;Taquaral de Goiás;3541;1766;1775
GO;Teresina de Goiás;3016;1542;1474
GO;Terezópolis de Goiás;6561;3346;3215
GO;Três Ranchos;2819;1424;1395
GO;Trindade;104488;51445;53043
GO;Trombas;3452;1784;1668
GO;Turvânia;4839;2431;2408
GO;Turvelândia;4399;2338;2061
GO;Uirapuru;2933;1525;1408
GO;Uruaçu;36929;18437;18492
GO;Uruana;13826;7006;6820
GO;Urutaí;3074;1562;1512
GO;Valparaíso de Goiás;132982;64624;68358
GO;Varjão;3659;1852;1807
GO;Vianópolis;12548;6297;6251
GO;Vicentinópolis;7371;3873;3498
GO;Vila Boa;4735;2588;2147
GO;Vila Propício;5145;2689;2456
DF;Brasília;2570160;1228880;1341280
